0 1 171.0263137648707
0 2 237.40261161158273
1 2 341.2477106150311
0 3 107.8563859954523
1 3 276.22635645426743
2 3 250.1619475459847
0 4 938.8828467918668
1 4 896.1880383044621
2 4 778.4812136461611
3 4 1005.8270229020495
0 5 348.764963836679
1 5 486.1285838129661
2 5 161.37224048763778
3 5 310.2289477144259
4 5 854.1721138037697
0 6 376.2352987161093
1 6 478.89978074749627
2 6 141.01418368376991
3 6 371.4458237751503
4 6 733.4439310540376
5 6 120.7393887677091
0 7 545.6775604695506
1 7 658.6364702929834
2 7 318.2011942152323
3 7 521.3108477674333
4 7 764.1105940896252
5 7 213.45959805077868
6 7 180.41341413542398
0 8 794.8465260665105
1 8 872.3170295253899
2 8 557.4737661989127
3 8 792.1868466466734
4 8 623.8204869992649
5 8 497.620337204982
6 8 421.8862405909915
7 8 292.3850201361212
0 9 301.59741378201505
1 9 169.4609099468075
2 9 366.5474048469038
3 9 407.9215610874228
4 9 746.7743969901486
5 9 527.6229714483629
6 9 480.320726181996
7 9 656.5279887407695
8 9 820.3657720797473
0 10 448.41498636865384
1 10 424.1344126571198
2 10 313.0814590485997
3 10 518.4717928682331
4 10 490.4864931881407
5 10 436.1249820865574
6 10 330.6433123473088
7 10 460.2781767583599
8 10 541.1922024567612
9 10 308.4623153644542
0 11 554.4483745129027
1 11 390.10383233185496
2 11 636.0510985762072
3 11 662.1933252457321
4 11 788.7635894233455
5 11 797.4220965084928
6 11 739.8864777788549
7 11 909.3211753830436
8 11 1031.5910042259966
9 11 272.06616842231597
10 11 490.462027072433
0 12 865.466348277043
1 12 934.8507902333934
2 12 628.6620713865279
3 12 867.2929147640951
4 12 597.8503157145608
5 12 576.3896251668657
6 12 495.99697579723204
7 12 372.90749523172633
8 12 80.75270893288967
9 12 872.5714870427523
10 12 582.1511831131154
11 12 1071.2315342632517
0 13 812.4364590538758
1 13 684.1703004369599
2 13 785.5246654306916
3 13 913.9507645382217
4 13 514.4803203233337
5 13 930.2472789532899
6 13 832.7460597324973
7 13 959.9401022980549
8 13 970.8810431767632
9 13 517.6968224743126
10 13 503.9176520027851
11 13 378.7162526219333
12 13 982.5197199038806
0 14 396.2789421606957
1 14 478.37746602447737
2 14 160.3277892319357
3 14 406.96437190496175
4 14 671.6814721279723
5 14 182.6307750626931
6 14 62.289646009589745
7 14 200.8606482116395
8 14 399.84496995710725
9 14 457.94759525517765
10 14 275.94383486499567
11 14 708.4631253636283
12 14 469.22169600307274
13 14 779.7448300566026
