340 66 
709 734 
739 90 
481 725 
173 1 
696 384 
864 288 
242 763 
354 691 
954 211 
103 725 
686 313 
673 412 
813 674 
100 463 
62 839 
733 34 
495 297 
525 60 
914 725 
167 792 
255 265 
608 247 
197 162 
130 23 
838 798 
913 495 
550 632 
605 632 
469 90 
688 723 
633 856 
8 765 
57 726 
798 124 
248 517 
745 975 
673 650 
824 728 
259 669 
793 795 
927 102 
932 728 
60 212 
154 688 
161 967 
595 922 
263 727 
325 329 
894 71 
873 23 
748 313 
506 213 
169 991 
422 340 
885 316 
164 627 
6 338 
482 900 
354 157 
749 963 
661 746 
254 812 
368 385 
903 610 
16 35 
810 828 
123 823 
308 844 
750 751 
827 568 
117 469 
491 141 
826 95 
65 756 
454 648 
497 813 
792 818 
495 949 
539 114 
778 270 
377 4 
784 725 
181 859 
28 550 
771 690 
280 464 
60 283 
975 229 
635 73 
271 833 
167 697 
368 946 
155 928 
949 645 
544 241 
978 149 
712 925 
626 914 
976 70 
