0 1 487
0 2 31
0 3 370
0 4 451
0 5 767
0 6 140
0 7 348
0 8 898
0 9 51
0 10 541
0 11 968
0 12 11
0 13 827
0 14 184
0 15 445
0 16 196
0 17 985
0 18 34
0 19 418
0 20 856
0 21 457
0 22 166
0 23 301
0 24 434
0 25 105
0 26 67
0 27 982
0 28 25
0 29 427
0 30 698
0 31 615
0 32 592
0 33 818
0 34 331
0 35 628
0 36 177
0 37 894
0 38 592
0 39 312
0 40 395
0 41 154
0 42 777
0 43 680
0 44 613
0 45 414
0 46 843
0 47 129
0 48 547
0 49 305
1 2 407
1 3 52
1 4 110
1 5 134
1 6 577
1 7 934
1 8 753
1 9 101
1 10 51
1 11 629
1 12 117
1 13 244
1 14 996
1 15 492
1 16 785
1 17 709
1 18 868
1 19 42
1 20 219
1 21 956
1 22 575
1 23 552
1 24 243
1 25 61
1 26 377
1 27 78
1 28 861
1 29 879
1 30 851
1 31 918
1 32 602
1 33 850
1 34 77
1 35 149
1 36 855
1 37 780
1 38 590
1 39 326
1 40 858
1 41 816
1 42 465
1 43 318
1 44 576
1 45 251
1 46 624
1 47 214
1 48 643
1 49 938
2 3 536
2 4 124
2 5 367
2 6 10
2 7 402
2 8 446
2 9 527
2 10 407
2 11 597
2 12 788
2 13 470
2 14 634
2 15 383
2 16 392
2 17 292
2 18 667
2 19 615
2 20 427
2 21 23
2 22 62
2 23 406
2 24 728
2 25 632
2 26 644
2 27 915
2 28 80
2 29 399
2 30 576
2 31 574
2 32 311
2 33 454
2 34 471
2 35 906
2 36 388
2 37 615
2 38 9
2 39 548
2 40 273
2 41 152
2 42 993
2 43 976
2 44 120
2 45 312
2 46 90
2 47 862
2 48 713
2 49 121
3 4 904
3 5 664
3 6 545
3 7 39
3 8 372
3 9 721
3 10 249
3 11 180
3 12 623
3 13 281
3 14 265
3 15 613
3 16 224
3 17 316
3 18 13
3 19 791
3 20 559
3 21 304
3 22 17
3 23 884
3 24 946
3 25 944
3 26 954
3 27 424
3 28 346
3 29 7
3 30 153
3 31 152
3 32 654
3 33 962
3 34 157
3 35 373
3 36 162
3 37 702
3 38 447
3 39 161
3 40 650
3 41 390
3 42 686
3 43 451
3 44 927
3 45 305
3 46 950
3 47 479
3 48 119
3 49 318
4 5 441
4 6 864
4 7 883
4 8 691
4 9 518
4 10 145
4 11 116
4 12 999
4 13 764
4 14 435
4 15 995
4 16 209
4 17 19
4 18 409
4 19 468
4 20 459
4 21 315
4 22 831
4 23 373
4 24 688
4 25 217
4 26 879
4 27 658
4 28 700
4 29 976
4 30 29
4 31 513
4 32 828
4 33 954
4 34 86
4 35 178
4 36 828
4 37 495
4 38 518
4 39 512
4 40 240
4 41 827
4 42 841
4 43 565
4 44 365
4 45 366
4 46 835
4 47 14
4 48 400
4 49 84
5 6 6
5 7 692
5 8 516
5 9 30
5 10 176
5 11 466
5 12 216
5 13 493
5 14 726
5 15 643
5 16 460
5 17 164
5 18 561
5 19 638
5 20 641
5 21 928
5 22 603
5 23 248
5 24 277
5 25 627
5 26 487
5 27 236
5 28 954
5 29 139
5 30 190
5 31 103
5 32 626
5 33 535
5 34 570
5 35 329
5 36 793
5 37 859
5 38 208
5 39 302
5 40 451
5 41 77
5 42 594
5 43 95
5 44 739
5 45 319
5 46 769
5 47 299
5 48 251
5 49 952
6 7 519
6 8 133
6 9 122
6 10 978
6 11 137
6 12 469
6 13 556
6 14 466
6 15 257
6 16 781
6 17 448
6 18 996
6 19 623
6 20 834
6 21 560
6 22 500
6 23 101
6 24 440
6 25 539
6 26 966
6 27 840
6 28 647
6 29 480
6 30 738
6 31 281
6 32 642
6 33 237
6 34 607
6 35 994
6 36 378
6 37 676
6 38 409
6 39 867
6 40 173
6 41 70
6 42 540
6 43 494
6 44 278
6 45 491
6 46 856
6 47 840
6 48 459
6 49 776
7 8 559
7 9 342
7 10 185
7 11 201
7 12 338
7 13 447
7 14 80
7 15 176
7 16 690
7 17 228
7 18 84
7 19 432
7 20 182
7 21 738
7 22 584
7 23 149
7 24 652
7 25 689
7 26 590
7 27 363
7 28 672
7 29 752
7 30 296
7 31 446
7 32 865
7 33 121
7 34 605
7 35 808
7 36 127
7 37 760
7 38 917
7 39 755
7 40 191
7 41 506
7 42 537
7 43 663
7 44 845
7 45 844
7 46 304
7 47 160
7 48 408
7 49 711
8 9 171
8 10 279
8 11 325
8 12 517
8 13 114
8 14 104
8 15 200
8 16 323
8 17 93
8 18 449
8 19 663
8 20 924
8 21 518
8 22 789
8 23 772
8 24 290
8 25 639
8 26 800
8 27 410
8 28 206
8 29 305
8 30 165
8 31 24
8 32 564
8 33 339
8 34 202
8 35 835
8 36 398
8 37 955
8 38 690
8 39 949
8 40 627
8 41 501
8 42 871
8 43 724
8 44 791
8 45 501
8 46 283
8 47 30
8 48 231
8 49 405
9 10 33
9 11 914
9 12 718
9 13 78
9 14 272
9 15 728
9 16 512
9 17 817
9 18 876
9 19 831
9 20 860
9 21 46
9 22 253
9 23 401
9 24 592
9 25 229
9 26 186
9 27 456
9 28 63
9 29 843
9 30 214
9 31 192
9 32 324
9 33 141
9 34 71
9 35 28
9 36 784
9 37 124
9 38 559
9 39 118
9 40 439
9 41 661
9 42 255
9 43 564
9 44 902
9 45 83
9 46 436
9 47 932
9 48 422
9 49 791
10 11 649
10 12 716
10 13 617
10 14 981
10 15 277
10 16 700
10 17 952
10 18 538
10 19 481
10 20 71
10 21 591
10 22 576
10 23 70
10 24 374
10 25 457
10 26 5
10 27 209
10 28 859
10 29 675
10 30 894
10 31 741
10 32 241
10 33 529
10 34 67
10 35 679
10 36 761
10 37 330
10 38 140
10 39 967
10 40 776
10 41 489
10 42 463
10 43 344
10 44 360
10 45 38
10 46 962
10 47 300
10 48 139
10 49 468
11 12 554
11 13 318
11 14 903
11 15 690
11 16 400
11 17 998
11 18 881
11 19 46
11 20 523
11 21 302
11 22 739
11 23 262
11 24 771
11 25 980
11 26 235
11 27 485
11 28 735
11 29 466
11 30 91
11 31 144
11 32 702
11 33 159
11 34 293
11 35 321
11 36 158
11 37 466
11 38 204
11 39 966
11 40 997
11 41 776
11 42 675
11 43 335
11 44 748
11 45 720
11 46 706
11 47 569
11 48 45
11 49 523
12 13 681
12 14 252
12 15 438
12 16 941
12 17 183
12 18 713
12 19 391
12 20 521
12 21 394
12 22 202
12 23 135
12 24 215
12 25 630
12 26 75
12 27 536
12 28 388
12 29 942
12 30 841
12 31 241
12 32 240
12 33 902
12 34 629
12 35 822
12 36 535
12 37 456
12 38 446
12 39 654
12 40 663
12 41 644
12 42 936
12 43 649
12 44 70
12 45 113
12 46 451
12 47 581
12 48 8
12 49 518
13 14 538
13 15 113
13 16 242
13 17 611
13 18 169
13 19 273
13 20 205
13 21 204
13 22 592
13 23 386
13 24 874
13 25 394
13 26 17
13 27 563
13 28 621
13 29 360
13 30 840
13 31 634
13 32 460
13 33 573
13 34 794
13 35 846
13 36 123
13 37 59
13 38 584
13 39 258
13 40 897
13 41 820
13 42 665
13 43 77
13 44 137
13 45 611
13 46 285
13 47 419
13 48 652
13 49 406
14 15 138
14 16 727
14 17 901
14 18 428
14 19 636
14 20 894
14 21 429
14 22 211
14 23 909
14 24 703
14 25 666
14 26 328
14 27 87
14 28 48
14 29 290
14 30 850
14 31 375
14 32 464
14 33 386
14 34 205
14 35 61
14 36 987
14 37 827
14 38 901
14 39 463
14 40 370
14 41 640
14 42 222
14 43 657
14 44 354
14 45 900
14 46 961
14 47 610
14 48 195
14 49 438
15 16 553
15 17 286
15 18 799
15 19 845
15 20 738
15 21 144
15 22 763
15 23 405
15 24 627
15 25 646
15 26 853
15 27 860
15 28 673
15 29 248
15 30 323
15 31 541
15 32 765
15 33 844
15 34 738
15 35 458
15 36 584
15 37 643
15 38 630
15 39 238
15 40 583
15 41 820
15 42 486
15 43 94
15 44 470
15 45 916
15 46 723
15 47 270
15 48 724
15 49 286
16 17 812
16 18 360
16 19 310
16 20 994
16 21 150
16 22 324
16 23 749
16 24 85
16 25 153
16 26 552
16 27 813
16 28 349
16 29 929
16 30 822
16 31 75
16 32 567
16 33 821
16 34 634
16 35 252
16 36 989
16 37 811
16 38 428
16 39 145
16 40 418
16 41 389
16 42 825
16 43 481
16 44 254
16 45 270
16 46 957
16 47 37
16 48 707
16 49 695
17 18 914
17 19 945
17 20 669
17 21 943
17 22 965
17 23 37
17 24 701
17 25 680
17 26 624
17 27 709
17 28 123
17 29 425
17 30 10
17 31 107
17 32 807
17 33 351
17 34 7
17 35 176
17 36 707
17 37 930
17 38 490
17 39 820
17 40 39
17 41 244
17 42 664
17 43 505
17 44 403
17 45 353
17 46 870
17 47 967
17 48 477
17 49 541
18 19 523
18 20 319
18 21 368
18 22 686
18 23 845
18 24 179
18 25 155
18 26 924
18 27 436
18 28 224
18 29 598
18 30 355
18 31 663
18 32 650
18 33 712
18 34 317
18 35 285
18 36 324
18 37 79
18 38 1000
18 39 387
18 40 124
18 41 534
18 42 459
18 43 61
18 44 485
18 45 103
18 46 240
18 47 674
18 48 959
18 49 542
19 20 609
19 21 615
19 22 480
19 23 147
19 24 862
19 25 38
19 26 714
19 27 433
19 28 708
19 29 407
19 30 548
19 31 929
19 32 598
19 33 667
19 34 330
19 35 294
19 36 551
19 37 480
19 38 355
19 39 788
19 40 840
19 41 900
19 42 256
19 43 496
19 44 467
19 45 181
19 46 361
19 47 31
19 48 133
19 49 57
20 21 684
20 22 747
20 23 200
20 24 659
20 25 893
20 26 456
20 27 889
20 28 972
20 29 767
20 30 390
20 31 808
20 32 741
20 33 602
20 34 201
20 35 759
20 36 765
20 37 515
20 38 127
20 39 396
20 40 202
20 41 136
20 42 943
20 43 564
20 44 506
20 45 335
20 46 890
20 47 23
20 48 402
20 49 390
21 22 782
21 23 928
21 24 283
21 25 581
21 26 232
21 27 704
21 28 112
21 29 837
21 30 545
21 31 259
21 32 296
21 33 423
21 34 32
21 35 154
21 36 905
21 37 493
21 38 259
21 39 134
21 40 769
21 41 484
21 42 798
21 43 561
21 44 194
21 45 484
21 46 692
21 47 327
21 48 711
21 49 773
22 23 689
22 24 33
22 25 319
22 26 873
22 27 786
22 28 357
22 29 666
22 30 684
22 31 214
22 32 635
22 33 194
22 34 198
22 35 737
22 36 861
22 37 843
22 38 679
22 39 408
22 40 687
22 41 465
22 42 737
22 43 158
22 44 36
22 45 797
22 46 13
22 47 389
22 48 760
22 49 334
23 24 902
23 25 898
23 26 90
23 27 711
23 28 723
23 29 6
23 30 298
23 31 176
23 32 960
23 33 236
23 34 79
23 35 963
23 36 772
23 37 964
23 38 919
23 39 306
23 40 501
23 41 656
23 42 550
23 43 378
23 44 135
23 45 93
23 46 627
23 47 90
23 48 241
23 49 537
24 25 792
24 26 185
24 27 614
24 28 99
24 29 263
24 30 226
24 31 979
24 32 476
24 33 15
24 34 740
24 35 973
24 36 870
24 37 388
24 38 609
24 39 699
24 40 296
24 41 232
24 42 863
24 43 426
24 44 383
24 45 198
24 46 953
24 47 274
24 48 63
24 49 943
25 26 180
25 27 387
25 28 820
25 29 447
25 30 14
25 31 632
25 32 217
25 33 323
25 34 683
25 35 166
25 36 203
25 37 313
25 38 428
25 39 830
25 40 614
25 41 416
25 42 195
25 43 602
25 44 662
25 45 526
25 46 826
25 47 237
25 48 321
25 49 484
26 27 953
26 28 793
26 29 94
26 30 337
26 31 812
26 32 993
26 33 997
26 34 928
26 35 55
26 36 346
26 37 251
26 38 693
26 39 353
26 40 619
26 41 25
26 42 701
26 43 286
26 44 103
26 45 364
26 46 219
26 47 833
26 48 25
26 49 634
27 28 462
27 29 667
27 30 929
27 31 160
27 32 856
27 33 675
27 34 710
27 35 379
27 36 384
27 37 319
27 38 85
27 39 411
27 40 451
27 41 86
27 42 611
27 43 122
27 44 107
27 45 220
27 46 239
27 47 898
27 48 294
27 49 629
28 29 581
28 30 608
28 31 758
28 32 521
28 33 748
28 34 436
28 35 692
28 36 817
28 37 734
28 38 229
28 39 41
28 40 260
28 41 222
28 42 642
28 43 936
28 44 988
28 45 1000
28 46 807
28 47 486
28 48 78
28 49 932
29 30 293
29 31 784
29 32 809
29 33 289
29 34 410
29 35 46
29 36 893
29 37 427
29 38 737
29 39 850
29 40 358
29 41 194
29 42 339
29 43 406
29 44 210
29 45 995
29 46 871
29 47 77
29 48 599
29 49 753
30 31 488
30 32 114
30 33 859
30 34 24
30 35 351
30 36 444
30 37 127
30 38 325
30 39 426
30 40 545
30 41 653
30 42 170
30 43 445
30 44 963
30 45 911
30 46 256
30 47 442
30 48 394
30 49 39
31 32 289
31 33 220
31 34 558
31 35 424
31 36 970
31 37 859
31 38 447
31 39 20
31 40 355
31 41 880
31 42 948
31 43 554
31 44 538
31 45 545
31 46 228
31 47 966
31 48 830
31 49 851
32 33 524
32 34 318
32 35 824
32 36 231
32 37 170
32 38 568
32 39 366
32 40 683
32 41 692
32 42 280
32 43 633
32 44 4
32 45 866
32 46 856
32 47 190
32 48 968
32 49 169
33 34 387
33 35 158
33 36 523
33 37 23
33 38 628
33 39 991
33 40 57
33 41 366
33 42 667
33 43 958
33 44 12
33 45 640
33 46 654
33 47 732
33 48 598
33 49 58
34 35 557
34 36 10
34 37 585
34 38 32
34 39 357
34 40 50
34 41 26
34 42 984
34 43 799
34 44 106
34 45 806
34 46 402
34 47 250
34 48 134
34 49 96
35 36 149
35 37 947
35 38 242
35 39 184
35 40 227
35 41 659
35 42 553
35 43 779
35 44 114
35 45 487
35 46 950
35 47 535
35 48 74
35 49 928
36 37 532
36 38 51
36 39 520
36 40 511
36 41 436
36 42 276
36 43 885
36 44 520
36 45 41
36 46 133
36 47 242
36 48 558
36 49 280
37 38 423
37 39 503
37 40 650
37 41 770
37 42 248
37 43 971
37 44 956
37 45 125
37 46 708
37 47 629
37 48 703
37 49 552
38 39 334
38 40 661
38 41 885
38 42 763
38 43 872
38 44 269
38 45 852
38 46 836
38 47 349
38 48 774
38 49 468
39 40 817
39 41 336
39 42 926
39 43 244
39 44 528
39 45 526
39 46 426
39 47 610
39 48 833
39 49 702
40 41 47
40 42 128
40 43 320
40 44 222
40 45 155
40 46 727
40 47 932
40 48 392
40 49 423
41 42 526
41 43 572
41 44 958
41 45 240
41 46 957
41 47 930
41 48 269
41 49 246
42 43 929
42 44 174
42 45 141
42 46 989
42 47 137
42 48 314
42 49 929
43 44 128
43 45 474
43 46 25
43 47 805
43 48 109
43 49 819
44 45 51
44 46 182
44 47 811
44 48 311
44 49 131
45 46 491
45 47 854
45 48 622
45 49 671
46 47 614
46 48 870
46 49 260
47 48 929
47 49 962
48 49 92
