0 1 372.87129146664
0 2 694.7639887040779
1 2 457.1214280691729
0 3 546.9341825119362
1 3 711.471714125024
2 3 655.6706490304412
0 4 465.29560496527364
1 4 210.61101585624624
2 4 253.71834777958017
3 4 608.0370054527931
0 5 388.2782507429434
1 5 87.84645695758026
2 5 537.0037243818706
3 5 783.2426188608482
4 5 296.1418578992169
0 6 221.92341021172146
1 6 248.4854120466632
2 6 473.27053574039445
3 6 474.41859154126746
4 6 255.44079548889601
5 6 311.01446911679204
0 7 428.5277120560583
1 7 677.1949497744354
2 7 736.4679219083476
3 7 176.70597047072292
4 7 626.5397034506273
5 7 735.0455768181997
6 7 428.71202455727786
0 8 811.9932265727344
1 8 830.9524655478194
2 8 557.5392362874562
3 8 350.85324567402824
4 8 652.770250547618
5 8 916.9345669130377
6 8 656.4457327152032
7 8 525.3046734991037
0 9 131.7269904006009
1 9 502.8687701577818
2 9 814.8797457293929
3 9 565.2654243804409
4 9 593.2992499573887
5 9 511.53103522660285
6 9 342.89648583792746
7 9 415.9086438149609
8 9 868.0973447718867
0 10 533.1941485050263
1 10 190.19200824430033
2 10 300.341472327749
3 10 739.6249049349271
4 10 132.25732493892352
5 10 252.253840406841
6 10 350.13425996323184
7 10 750.2666192761077
8 10 774.0704102341078
9 10 664.8308055437865
0 11 539.1567490071881
1 11 736.2615024568377
2 11 710.921233330388
3 11 63.25345840347388
4 11 647.8965966880826
5 11 803.8718803391496
6 11 492.93001531657615
7 11 133.63382805263043
8 11 407.87865842674336
9 11 542.7946204597094
10 11 778.1889230771664
0 12 693.9344349432445
1 12 385.25316351718647
2 12 157.49285698088025
3 12 768.0026041622515
4 12 229.58440713602482
5 12 450.7205342559844
6 12 484.43472212466355
7 12 821.9835764782651
8 12 709.7788387941697
9 12 822.6621420729168
10 12 198.48677537810926
11 12 817.8832435011736
0 13 83.09632964216891
1 13 450.98336998164353
2 13 740.7523202798625
3 13 508.3168303332086
4 13 524.2756908345074
5 13 470.53692735002215
6 13 270.8966592632696
7 13 371.87766805765574
8 13 799.2121120203321
9 13 76.55716818169282
10 13 603.0033167404637
11 13 492.0619879649311
12 13 753.8554238048566
0 14 878.9539237070394
1 14 741.5773729018435
2 14 320.55108797194873
3 14 607.8889701253017
4 14 531.5072906367325
5 14 827.6472678623425
6 14 668.9768306899724
7 14 751.2469633882057
8 14 346.62515777133086
9 14 975.5121731685362
10 14 612.4638764857891
11 14 671.1259196305862
12 14 472.83083655785396
13 14 899.1690608556324
0 15 493.8025921357643
1 15 702.237851443512
2 15 703.2282701939677
3 15 88.60022573334675
4 15 624.2891958059181
5 15 767.5135177962666
6 15 456.60595703516617
7 15 90.13878188659973
8 15 439.38593514130605
9 15 496.19048761539153
10 15 753.077021293307
11 15 46.61544808322666
12 15 803.0952620953507
13 15 445.6545747549328
14 15 684.8773612844857
0 16 165.65627063289816
1 16 519.8317035349037
2 16 767.2190039356428
3 16 451.89489928522096
4 16 568.3467251599151
5 16 547.0082266291797
6 16 313.3368794125581
7 16 301.01494979485653
8 16 763.7571603592336
9 16 115.03912377969506
10 16 659.0371764931019
11 16 427.90653185012263
12 16 796.2844968979366
13 16 85.492689745966
14 16 896.1573522546138
15 16 381.3200755271088
0 17 465.3106489217714
1 17 714.1631466268755
2 17 760.6608968522045
3 17 168.75129629131743
4 17 659.0371764931019
5 17 772.6901060580497
6 17 465.6951792750275
7 17 38.07886552931954
8 17 519.5815624134482
9 17 448.153991391352
10 17 783.9706627164055
11 17 115.7410903698423
12 17 850.6897201682879
13 17 406.8673002343639
14 17 761.0059132490364
15 17 80.52949770115296
16 17 333.73642294481436
0 18 255.53864678361276
1 18 491.66350281467913
2 18 626.9585313240422
3 18 291.61104231493016
4 18 469.55297890653407
5 18 545.8388040438313
6 18 244.72433471152803
7 18 190.51509126575775
8 18 582.0077319074035
9 18 286.44720281406137
10 18 583.7430941775672
11 18 285.3944638566067
12 18 684.1089094581359
13 18 221.05429197371402
14 18 720.5137056295321
15 18 241.2488341940744
16 18 183.63550854886427
17 18 228.5475880424031
0 19 222.14409737825582
1 19 594.9798315909541
2 19 884.3715282617368
3 19 559.8080028009604
4 19 673.2428982172779
5 19 606.0
6 19 418.810219550574
7 19 394.8670662387533
8 19 883.7199782736611
9 19 94.76286192385707
10 19 751.970744111764
11 19 527.5547364966028
12 19 902.7563347880756
13 19 149.4958193395387
14 19 1022.0939291474145
15 19 481.918042824711
16 19 126.08727136392476
17 19 421.9407541349852
18 19 308.0389585750478
0 20 635.2652989106205
1 20 671.2056316807838
2 20 475.635364538845
3 20 230.4886114323222
4 20 510.32734592612223
5 20 755.1119122355308
6 20 482.33598248523816
7 20 385.8108344772085
8 20 177.12425017484196
9 20 695.449494931156
10 20 638.8818357098596
11 20 293.7277651159318
12 20 612.1707278202707
13 20 625.0287993364785
14 20 377.828003197222
15 20 311.0064308016797
16 20 594.3769847495779
17 20 389.8102102305685
18 20 411.0498753192853
19 20 716.9449072278845
0 21 326.49655434629017
1 21 522.759026703509
2 21 598.2482762198316
3 21 221.60550534677608
4 21 469.5402006218424
5 21 585.0538436759475
6 21 275.0163631495406
7 21 158.45504094221806
8 21 508.2214084432099
9 21 361.08724707472015
10 21 592.0540515865084
11 21 224.2008028531566
12 21 671.4201367251358
13 21 295.9408724728641
14 21 662.9690792186315
15 21 183.88311504866346
16 21 255.70686341981516
17 21 193.49935400408964
18 21 74.96665925596525
19 21 377.809475794348
20 21 339.16662571662323
0 22 702.1858728285553
1 22 403.0930413688631
2 22 133.2216198670471
3 22 756.320038079119
4 22 236.8902699563661
5 22 471.08067249676037
6 22 489.6335364331165
7 22 815.6524995364141
8 22 688.3037120341572
9 22 829.8945716173832
10 22 219.06391761310215
11 22 807.3840474024738
12 22 26.832815729997478
13 22 760.0223680918872
14 22 446.51651705172117
15 22 793.9735511967638
16 22 799.9081197237592
17 22 843.5644610816651
18 22 682.528387688014
19 22 908.4277626757122
20 22 594.9327693109533
21 22 666.9370285116879
0 23 487.68945036775193
1 23 206.15528128088303
2 23 251.14935795259362
3 23 641.775661738586
4 23 34.132096331752024
5 23 288.17529387509956
6 23 282.936388610585
7 23 660.4006359778888
8 23 678.8946899188416
9 23 617.0097243966256
10 23 99.74467404327912
11 23 681.9303483494484
12 23 206.49455198624491
13 23 549.4306143636337
14 23 542.4619802345599
15 23 658.4178004884133
16 23 596.2725886706515
17 23 693.0115439153954
18 23 501.9770911107398
19 23 698.7653397242883
20 23 540.0009259251322
21 23 503.21864035426984
22 23 216.81328372588243
0 24 870.5228314065059
1 24 583.2160834544945
2 24 195.0102561405425
3 24 842.6986412710062
4 24 408.57067931999234
5 24 649.8999923065087
6 24 652.3955855154142
7 24 930.7083324006506
8 24 696.8105911939055
9 24 995.2215833672419
10 24 397.665688738669
11 24 899.8888820293314
12 24 199.1808223700264
13 24 922.9436602523472
14 24 387.00129198750744
15 24 894.6692126143606
16 24 955.2088776806883
17 24 954.1677001450007
18 24 820.713104562124
19 24 1069.2212119108
20 24 647.2372053582828
21 24 793.2376693022086
22 24 180.13605968822566
23 24 392.94910611935484
0 25 247.42069436488129
1 25 593.9377071713834
2 25 808.3031609489103
3 25 415.7523301197481
4 25 625.339108004609
5 25 625.3870801351752
6 25 374.2098341839776
7 25 249.56962956257317
8 25 746.4502662602513
9 25 180.34688796871433
10 25 723.8818964444407
11 25 382.2316051819891
12 25 850.0694089308237
13 25 167.14065932620943
14 25 909.9280191311838
15 25 336.68976818430343
16 25 81.9084855189009
17 25 277.41124706831914
18 25 190.30764566879597
19 25 145.34441853748632
20 25 584.5724933658785
21 25 249.6177077052027
22 25 851.6630789226454
23 25 655.0007633583338
24 25 999.8204838869826
0 26 737.561522857585
1 26 531.1139237489449
2 26 86.45229898620394
3 26 629.8015560476173
4 26 322.3491895445062
5 26 613.6521816143082
6 26 516.0939836890176
7 26 729.3730184206158
8 26 490.8441707915049
9 26 851.7188503256224
10 26 383.80333505585907
11 26 688.4337295629841
12 26 240.6200324162558
13 26 776.0644303149063
14 26 234.15593095200472
15 26 686.3381090978411
16 26 793.8696366532732
17 26 750.011333247705
18 26 640.4662364246846
19 26 915.0
20 26 430.7261310856354
21 26 602.4026892370252
22 26 214.96511344867102
23 26 325.55491088294156
24 26 216.52020690919358
25 26 827.3451516749221
0 27 431.1960111132755
1 27 146.76852523616907
2 27 313.54266057428293
3 27 636.6325470787682
4 27 63.953107821277925
5 27 232.22833591101667
6 27 237.19190542680835
7 27 638.0736634590085
8 27 706.6717767110839
9 27 561.8060163437199
10 27 114.27160627207444
11 27 671.863081289633
12 27 266.74519677025114
13 27 496.6135318333563
14 27 595.4242185198717
15 27 644.6340046879315
16 27 548.5471720827662
17 27 672.3362254110662
18 27 469.56362721147815
19 27 646.0913248140699
20 27 557.7418757812613
21 27 479.6519571522668
22 27 279.0143365492175
23 27 64.25729530566937
24 27 456.50848842053307
25 27 611.3926725108831
26 27 385.0207786600614
0 28 426.3074008271496
1 28 423.55755216971403
2 28 365.9193900300994
3 28 321.90837205639747
4 28 287.76726707532254
5 28 506.01383380299
6 28 239.63305281200255
7 28 371.8843906377357
8 28 419.57240138026236
9 28 516.7301036324476
10 28 419.9738087071621
11 28 366.3495598468763
12 28 454.22131169728266
13 28 440.5190120755289
14 28 458.9226514348578
15 28 349.0458422614428
16 28 439.6043675852186
17 28 398.24615503479754
18 28 273.3093485411723
19 28 564.9088422037665
20 28 250.19992006393608
21 28 233.8076132207846
22 28 445.87554317320433
23 28 321.06852851065923
24 28 560.8315255047634
25 28 462.7580361268727
26 28 369.1950703896248
27 28 323.066556610244
0 29 327.6125760711881
1 29 663.3015905302806
2 29 842.3781811039505
3 29 378.92611417003184
4 29 676.9121065544625
5 29 699.6642051727385
6 29 433.03579528717944
7 29 203.29781110479277
8 29 722.8118704061244
9 29 259.5573154430443
10 29 782.6940653920917
11 29 336.00595232822883
12 29 896.7167891815119
13 29 248.5658866377283
14 29 915.8220351138096
15 29 293.43653487594213
16 29 163.0828010551695
17 29 223.0874268084152
18 29 215.52262062252305
19 29 208.25465180878913
20 29 570.9290673980438
21 29 255.03333115496883
22 29 896.2215127969201
23 29 708.037428389206
24 29 1036.2335644052455
25 29 81.88406438373708
26 29 853.6421967077307
27 29 668.9245099411443
28 29 484.6607060614673
0 30 499.3085218579791
1 30 651.7238679072602
2 30 607.216600563588
3 30 59.93329625508679
4 30 549.4879434528114
5 30 723.9730657973403
6 30 415.90022842023063
7 30 172.3629890666787
8 30 358.73388465546435
9 30 527.803940871987
10 30 680.8002643947783
11 30 103.9471019317037
12 30 714.403247473022
13 30 466.6154733825272
14 30 583.6754235017952
15 30 102.34256201600583
16 30 416.8896736547932
17 30 177.51901306620653
18 30 246.35137507227356
19 30 531.0037664649847
20 30 213.58136622842358
21 30 172.93062192682936
22 30 703.6391120453723
23 30 583.3318095218192
24 30 796.8343617088811
25 30 390.0794790808663
26 30 586.5168369279777
27 30 577.1178389202677
28 30 264.70549673174526
29 30 364.28148456928193
0 31 246.13004692641653
1 31 129.71121771072848
2 31 503.11927015370816
3 31 616.662792780625
4 31 251.60286166894048
5 31 172.75416058665562
6 31 142.27438279606065
7 31 562.3095233054479
8 31 783.0715165296207
9 31 377.4493343483334
10 31 291.43095237122634
11 31 633.9858042574771
12 31 468.0010683748489
13 31 322.2623155133098
14 31 750.0426654531061
15 31 596.4872169627779
16 31 390.12049420659764
17 31 599.9816663865655
18 31 373.14876389986875
19 31 468.0
20 31 612.9420853555415
21 31 413.30376238306854
22 31 480.6506007486103
23 31 264.62237244798484
24 31 657.5545604738819
25 31 464.5567780153466
26 31 564.2632364419997
27 31 201.6382900145704
28 31 363.7059251648232
29 31 535.000934578623
30 31 558.1729122771903
0 32 764.5024525794538
1 32 822.5721852822402
2 32 598.0777541423857
3 32 270.74896121684384
4 32 659.3845615420488
5 32 906.2494137929139
6 32 628.033438600207
7 32 447.2359556207439
8 32 89.8276126811795
9 32 809.7653981246667
10 32 786.3078277621303
11 32 324.4102341172362
12 32 744.0329293788011
13 32 744.027553253238
14 32 423.09337030967527
15 32 359.0891254271006
16 32 701.6851145635056
17 32 438.2989847124905
18 32 523.6831102871278
19 32 818.1564642536292
20 32 151.42654985173505
21 32 448.79393935301755
22 32 724.5529656277724
23 32 688.2041848172678
24 32 752.3576277276652
25 32 677.6319059784597
26 32 539.8935080180164
27 32 708.2951362250061
28 32 400.6419848193646
29 32 648.0200614178545
30 32 287.563905940923
31 32 761.6429609731846
0 33 173.34935823359717
1 33 536.8137479610596
2 33 795.5331545573698
3 33 476.7651413431985
4 33 593.3312734046639
5 33 559.8589107980688
6 33 337.9289866229294
7 33 321.17596423144744
8 33 792.3364184486285
9 33 97.0051545022222
10 33 680.9948604798717
11 33 450.31544499383983
12 33 821.8789448574528
13 33 90.27181176868004
14 33 926.6077918947153
15 33 403.86755254662387
16 33 30.463092423455635
17 33 352.41452864489
18 33 213.37759957408838
19 33 95.63472172804185
20 33 623.6826115902222
21 33 284.6928169097352
22 33 826.0296604844162
23 33 620.6552988575864
24 33 982.7838012503055
25 33 84.64632301523794
26 33 823.1919581725759
27 33 571.5452737972732
28 33 469.91488591020396
29 33 165.8553586713435
30 33 443.5459389961766
31 33 407.2959611879303
32 33 729.2475574179183
0 34 348.6316107297214
1 34 184.94593804677083
2 34 352.4272974671514
3 34 539.5600059307584
4 34 118.81077392223317
5 34 269.69612529660117
6 34 136.8575902169843
7 34 531.8232789188529
8 34 647.3399416071899
9 34 475.31042488041436
10 34 221.30521909796886
11 34 571.1199523742802
12 34 348.28293096274473
13 34 405.62667565139253
14 34 590.1660783203318
15 34 541.8311545121783
16 34 450.1222056286492
17 34 566.5139009768427
18 34 362.44171945293493
19 34 554.4763295218291
20 34 486.26124665656835
21 34 373.3738073298661
22 34 354.63361374804845
23 34 146.24978632463024
24 34 522.0900305502873
25 34 509.0825080475659
26 34 407.4125673073917
27 34 107.22872749408155
28 34 239.26972228010797
29 34 563.8811931604032
30 34 479.6675932351486
31 34 160.11246047700348
32 34 637.6268501247418
33 34 474.77363027025837
0 35 101.78899744078434
1 35 371.7122543043207
2 35 625.9792328823696
3 35 451.2936959453345
4 35 415.7511274789282
5 35 409.13200803652603
6 35 160.3277892319357
7 35 348.4207226902556
8 35 710.2591076501589
9 35 191.26160095534075
10 35 504.53642088554915
11 35 448.7282028132397
12 35 644.715441105609
13 35 115.37764081484765
14 35 787.8635668692899
15 35 404.71224345206065
16 35 154.5477272560163
17 35 386.29134082969034
18 35 163.46559270990332
19 35 259.6247291765559
20 35 533.6112817398073
21 35 229.7063342618135
22 35 649.5552324475572
23 35 442.8114722994426
24 35 809.652394549661
25 35 222.92599668948438
26 35 660.6935749649757
27 35 394.07740356432515
28 35 330.9274845037807
29 35 292.0154105522515
30 35 401.3601873629222
31 35 243.00823031329617
32 35 662.9698334011888
33 35 177.867928531256
34 35 297.0605998782067
0 36 441.4702707997448
1 36 69.2314957226839
2 36 444.4603469377218
3 36 765.1829846513839
4 36 217.375251581223
5 36 99.9599919967984
6 36 311.8878003385192
7 36 739.7972695272672
8 36 861.8381518591527
9 36 570.9290673980438
10 36 152.97058540778355
11 36 793.1569832006776
12 36 351.1936787586018
13 36 520.0317298011728
14 36 744.4944593480867
15 36 760.8054941967756
16 36 589.0415944566224
17 36 776.3568767004
18 36 556.3775696413363
19 36 663.4606243026032
20 36 708.6113180016249
21 36 583.7876326199452
22 36 372.0336006330611
23 36 202.11135544545735
24 36 550.3253583108814
25 36 662.9215639877767
26 36 523.9895037116679
27 36 156.77372228788855
28 36 465.8948379194601
29 36 731.7444909256236
30 36 705.2581087800409
31 36 198.92712233378333
32 36 859.8604537946841
33 36 606.0313523242836
34 36 227.98245546532743
35 36 440.4736087440427
0 37 570.087712549569
1 37 198.12369873389704
2 37 396.83371832544674
3 37 838.3298873355286
4 37 237.69728648009425
5 37 221.2690669750293
6 37 417.43262929483603
7 37 835.5333625894301
8 37 884.3715282617368
9 37 700.6511257394795
10 37 110.34491379306978
11 37 873.5502275198605
12 37 268.26293072282647
13 37 646.6877144340999
14 37 714.6747511980537
15 37 845.7073962074589
16 37 711.8440840521188
17 37 870.6285086074313
18 37 660.07575322837
19 37 792.2045190479539
20 37 747.4770899499194
21 37 677.2296508570781
22 37 293.47061181658376
23 37 207.51144546747295
24 37 459.7934318800128
25 37 782.7368651085753
26 37 482.5525878077953
27 37 201.81674856165927
28 37 522.396401212719
29 37 847.7794524521104
30 37 778.8767553342441
31 37 324.49961479175903
32 37 895.6472519915416
33 37 730.6230218108378
34 37 304.473315743761
35 37 559.9116001655975
36 37 132.5745073534124
0 38 628.0286617663241
1 38 612.1609265544478
2 38 381.16269492173546
3 38 308.3845002590111
4 38 435.9082472264089
5 38 698.4239400249679
6 38 449.90887966342694
7 38 444.20715887972807
8 38 219.0091322296858
9 38 704.2982322851592
10 38 560.4462507680821
11 38 370.78565236535246
12 38 520.3892773683947
13 38 630.315000614772
14 38 307.0439707924583
15 38 380.0328933131973
16 38 612.2172816900876
17 38 454.6757086099938
18 38 430.0697617828996
19 38 737.7208144006783
20 38 95.00526301210897
21 38 365.3217759729086
22 38 502.3196193659969
23 38 463.3756575393231
24 38 552.5233026760047
25 38 614.9154413413279
26 38 336.0074403938103
27 38 488.3052324110402
28 38 210.3188056261256
29 38 613.2813383757898
30 38 277.9946042641835
31 38 569.3856338194704
32 38 227.4818674092509
33 38 642.4406587382215
34 38 429.10604749875057
35 38 528.5915247145001
36 38 643.0085535978507
37 38 670.2984409947557
0 39 886.0530458161069
1 39 998.5995193269422
2 39 797.9279416087645
3 39 341.4103103305464
4 39 848.9817430310266
5 39 1079.0783104112509
6 39 784.6527894553107
7 39 499.93799615552325
8 39 256.0175775215444
9 39 905.8620203982503
10 39 978.293412019114
11 39 366.742416417845
12 39 943.6381721825373
13 39 849.7205422961127
14 39 601.3401699537459
15 39 412.49606058724976
16 39 791.7600646660578
17 39 476.629835406891
18 39 631.8623267769649
19 39 894.2896622459638
20 39 339.6115427955887
21 39 559.5587547344783
22 39 924.3532874393859
23 39 879.1751816333307
24 39 948.9467845985886
25 39 748.9732972543146
26 39 738.3772748399019
27 39 894.035793466906
28 39 575.7360506343163
29 39 699.7142273814361
30 39 386.83976010746363
31 39 924.2607857093149
32 39 199.90497742677644
33 39 815.5022991997018
34 39 814.9466240190212
35 39 788.0970752388312
36 39 1041.3347204429515
37 39 1086.5035664920756
38 39 424.9258758889602
0 40 554.4447673123086
1 40 581.8625267191555
2 40 424.7964218305046
3 40 235.90676124265704
4 40 427.54765816222175
5 40 665.2796404520433
6 40 393.0050890255748
7 40 358.62096982747676
8 40 263.7612556839992
9 40 623.407571336762
10 40 558.0224009840465
11 40 295.8462438497403
12 40 549.2831692305891
13 40 550.6813960903346
14 40 393.6203754888713
15 40 299.4561737550255
16 40 528.0501870087729
17 40 371.25866993243403
18 40 344.9478221412624
19 40 652.9816230185961
20 40 90.4267659490264
21 40 278.36127604248406
22 40 534.5353122105217
23 40 458.4495610206209
24 40 608.1652735893426
25 40 527.9412846141131
26 40 394.15986604422324
27 40 472.0010593208452
28 40 159.84054554461454
29 40 525.3008661709973
30 40 197.2308292331602
31 40 522.5868348896669
32 40 240.9834019180574
33 40 558.0797434059043
34 40 396.9647339500072
35 40 453.48649373492924
36 40 620.8776046854967
37 40 665.2435644183264
38 40 87.98295289429652
39 40 422.09596065349876
0 41 81.32035415564789
1 41 301.3171087077533
2 41 615.4348056455696
3 41 530.818236310698
4 41 383.9908853084927
5 41 328.34280866192273
6 41 144.8481963988506
7 41 436.07912126126837
8 41 767.6262111210117
9 41 211.45448682872635
10 41 453.98788530091855
11 41 532.5082158990601
12 41 612.6303942835353
13 41 150.63200191194434
14 41 810.5485796668821
15 41 489.41802173602065
16 41 219.73848092675985
17 41 474.03058973024093
18 41 248.82323042674292
19 41 298.2968320314515
20 41 590.5869961318147
21 41 310.1112703530783
22 41 620.8800206158996
23 41 406.43326635500694
24 41 789.6486560490051
25 41 297.0824801296771
26 41 660.6799527759262
27 41 350.4069063246328
28 41 366.0341514121326
29 41 371.856154984693
30 41 478.1631520725954
31 41 171.9912788486672
32 41 727.3162998310983
33 41 235.53555994796199
34 41 267.5985799663369
35 41 88.19297024139736
36 41 370.5199049983685
37 41 496.1783953378059
38 41 573.3628868352049
39 41 863.1598924880604
40 41 505.58876569797314
0 42 713.3449376003169
1 42 592.2246195490357
2 42 231.36551169091732
3 42 492.4895937986913
4 42 386.24991909384266
5 42 679.653588234477
6 42 503.6119537898202
7 42 615.4811126265371
8 42 327.7315975001495
9 42 811.5177139163384
10 42 485.3627509399542
11 42 554.1091950148455
12 42 386.90825785966365
13 42 735.0455768181997
14 42 165.73774464496614
15 42 559.4747536752664
16 42 735.3672551861416
17 42 630.4133564574913
18 42 563.5787433890672
19 42 860.8977871965986
20 42 276.80498550423545
21 42 511.0234828263766
22 42 363.9258166165187
23 42 402.9416831254865
24 42 376.5859795584536
25 42 753.8408320063328
26 42 164.0
27 42 448.97327314663175
28 42 296.096268129134
29 42 765.9197085856977
30 42 457.21985958617324
31 42 589.5701824210583
32 42 376.3362857870604
33 42 765.7395118445959
34 42 430.7957752810489
35 42 622.9767250869008
36 42 603.3547878321676
37 42 593.4652475082261
38 42 185.6582882609877
39 42 574.4362453745412
40 42 260.0192300580863
41 42 644.8395149182469
0 43 862.2441649556116
1 43 946.3794165132714
2 43 722.2644944893802
3 43 331.074009852782
4 43 787.2134399259199
5 43 1028.943633052851
6 43 743.0242257154204
7 43 502.00099601494816
8 43 174.1034175425629
9 43 893.7812931584549
10 43 914.595539022578
11 43 369.1950703896248
12 43 870.3941635833733
13 43 833.0306116824279
14 43 518.8689622631132
15 43 412.0436870041816
16 43 781.6399426846098
17 43 484.0588807159724
18 43 612.3601881246037
19 43 890.8675546903703
20 43 277.46170906991836
21 43 538.0306682708709
22 43 850.3516919486901
23 43 816.3099901385502
24 43 869.186401182163
25 43 746.5788638851224
26 43 660.2120871356416
27 43 835.2035680000415
28 43 523.0114721495122
29 43 705.0709184188496
30 43 366.47783016166204
31 43 879.8073652794684
32 43 128.47178678604885
33 43 807.2131069302579
34 43 761.6278618853173
35 43 762.0944823314233
36 43 985.6089488230107
37 43 1023.7992967374025
38 43 355.87778801155883
39 43 82.49242389456137
40 43 364.89176477415873
41 43 832.3953387663821
42 43 496.23381585700105
0 44 587.7593044776067
1 44 306.78983033992506
2 44 155.56349186104046
3 44 672.1725968826756
4 44 122.67436570041843
5 44 383.52183770940604
6 44 374.97333238511777
7 44 715.9587976971859
8 44 652.8537355334654
9 44 715.1789985730845
10 44 145.79780519610026
11 44 719.1362875004987
12 44 110.9414259868693
13 44 645.2611874272309
14 44 467.3638839277164
15 44 701.5996009120872
16 44 685.9190914386331
17 44 745.7352076977458
18 44 573.8649666951277
19 44 793.7285430170696
20 44 535.3886438840481
21 44 563.4403251454407
22 44 114.76933388322858
23 44 106.45186705737011
24 44 286.9442454554543
25 44 739.1522170703406
26 44 238.04621400055913
27 44 170.57842770995398
28 44 353.0056656769123
29 44 785.9853688205652
30 44 616.6360352752667
31 44 370.7465441511222
32 44 675.8912634440543
33 44 711.7843774627257
34 44 239.88538930080756
35 44 535.0233639758175
36 44 289.33890163612637
37 44 248.1954874690513
38 44 448.5632619820754
39 44 873.1534802083767
40 44 464.0043103248072
41 44 506.48593267730547
42 44 347.6348659153739
43 44 804.0758670672811
0 45 772.1301703728459
1 45 576.499783174287
2 45 132.4235628579748
3 45 631.5568066294591
4 45 367.0054495508207
5 45 659.5551531145823
6 45 551.6239661218501
7 45 740.8326396697165
8 45 466.51259361350577
9 45 883.5094792926673
10 45 430.64254318401936
11 45 691.7232105401697
12 45 283.30195904723286
13 45 807.4317308602629
14 45 189.61276328348785
15 45 692.7755769367162
16 45 821.4140247159163
17 45 759.4715267868836
18 45 662.7254333432511
19 45 943.9412057962085
20 45 422.8344829835902
21 45 620.4232426336073
22 45 257.0992026436488
23 45 371.3812057711052
24 45 230.95670589961227
25 45 851.3013567474211
26 45 46.84015371452148
27 45 430.0941757336409
28 45 389.61647809095547
29 45 873.8060425517782
30 45 591.5741711738267
31 45 605.9909240244444
32 45 521.6138418408775
33 45 851.0846021401163
34 45 447.8537707779181
35 45 692.2499548573478
36 45 570.46735226479
37 45 529.0793891279455
38 45 329.73474187595093
39 45 717.9979108604704
40 45 395.9040287746514
41 45 696.4653616656036
42 45 147.27525250360293
43 45 638.3744982375157
44 45 284.8859420891105
0 46 408.4470589929618
1 46 671.4313069853088
2 46 750.3412556963665
3 46 207.5090359478353
4 46 630.5814776854772
5 46 726.3835075220252
6 46 423.415871218829
7 46 31.064449134018133
8 46 555.296317293749
9 46 389.39054944875073
10 46 752.0804478245661
11 46 164.3684884641822
12 46 830.9271929597683
13 46 348.427897849756
14 46 775.4050554387687
15 46 121.2023102090055
16 46 274.9127134200963
17 46 58.83026432033091
18 46 180.5796223276591
19 46 365.301245549478
20 46 413.14041196668234
21 46 161.1241757155021
22 46 825.5374007275503
23 46 664.1987654309514
24 46 945.0486759950516
25 46 220.20445045457188
26 46 746.3846193484965
27 46 639.0281683932251
28 46 384.6153923076922
29 46 172.23530416264836
30 46 200.3696583817021
31 46 553.7192429381519
32 46 477.83365306349026
33 46 293.83158441529054
34 46 532.1588108826161
35 46 332.73713348527843
36 46 735.2584579588323
37 46 834.5351999766098
38 46 468.47945525924615
39 46 530.2235377649695
40 46 382.0052355662158
41 46 420.8610221914118
42 46 636.799811557761
43 46 533.0009380854784
44 46 723.7154136813724
45 46 759.3918619527075
0 47 747.3647034748162
1 47 417.76668129471506
2 47 219.23731434224422
3 47 841.0095124313399
4 47 288.87713651308576
5 47 473.2546883021868
6 47 544.0147056835872
7 47 893.1349282163362
8 47 776.2377213199575
9 47 877.5887419514906
10 47 227.705950734714
11 47 890.7277923136787
12 47 73.02739212103907
13 47 810.8273552366127
14 47 521.9674319342156
15 47 875.5712421042618
16 47 857.1697614825199
17 47 922.2797840135064
18 47 751.581000292051
19 47 960.2260150610376
20 47 683.5729661126162
21 47 741.4323974577858
22 47 88.88756943465155
23 47 261.5434954266689
24 47 195.02820308868152
25 47 913.6613158058078
26 47 296.2043213729334
27 47 316.28468189275304
28 47 526.5738314804487
29 47 962.7710008096421
30 47 787.3074367742248
31 47 513.5542814542588
32 47 813.3793702817892
33 47 881.9274346566161
34 47 407.1584458168589
35 47 704.1597830038294
36 47 373.5906851087163
37 47 269.1356535281047
38 47 591.1429607125505
39 47 1013.2008685349614
40 47 621.9107653031904
41 47 666.397028804901
42 47 450.60071016366584
43 47 939.0276886226518
44 47 178.16004041310723
45 47 334.9283505467998
46 47 901.4660282007304
0 48 710.7833706552229
1 48 764.8529270389178
2 48 553.8591878808187
3 48 238.81373494839028
4 48 603.8021199035327
5 48 848.3731490329005
6 48 570.4778698599973
7 48 412.22930512034196
8 48 113.3225485064645
9 48 760.2742926076088
10 48 731.6508730261995
11 48 297.5583976297762
12 48 696.3476143421474
13 48 693.0699820364463
14 48 406.39512792355174
15 48 327.0749149659753
16 48 654.0068806977492
17 48 407.49110419737997
18 48 473.8280278750931
19 48 772.6195700343087
20 48 94.11163583744573
21 48 399.32067314377804
22 48 677.7639707154697
23 48 633.1034670573207
24 48 715.4026838082171
25 48 634.1939766349094
26 48 500.5217278001026
27 48 651.7675966170764
28 48 342.6674773012461
29 48 609.5153812661334
30 48 245.56872765073325
31 48 703.7080360490421
32 48 58.008620049092706
33 48 682.1649360675174
34 48 579.9180976655238
35 48 609.0730662244063
36 48 802.7035567381024
37 48 840.6146560701877
38 48 176.41145087550296
39 48 248.71871662583015
40 48 183.09560344257315
41 48 671.6784945195134
42 48 339.01327407639957
43 48 183.50476833041697
44 48 624.4357452933008
45 48 486.03703562588726
46 48 442.10858394742803
47 48 766.6478983209959
0 49 645.278234562425
1 49 338.9527990738533
2 49 164.51443705644803
3 49 737.0325637310742
4 49 181.60396471443016
5 49 407.18546143004664
6 49 436.9004463261625
7 49 783.5432342889574
8 49 699.8892769574342
9 49 774.2299400049058
10 49 155.56349186104046
11 49 785.0006369424168
12 49 48.91829923454004
13 49 705.7768769235785
14 49 485.05669771687514
15 49 768.261023350788
16 49 749.3263641431549
17 49 813.1727983645296
18 49 640.9399347832838
19 49 854.8239584850205
20 49 591.9814186273079
21 49 631.1196400049677
22 49 64.19501538281614
23 49 157.68639763784319
24 49 244.26624818013642
25 49 804.2990737281748
26 49 250.9123352886422
27 49 217.86693186438367
28 49 419.3447269252351
29 49 852.4423734188722
30 49 682.1238890406933
31 49 419.2230909670888
32 49 728.6261043909969
33 49 774.6392708867786
34 49 300.4130489842277
35 49 597.2277622482063
36 49 308.41530441921975
37 49 237.2003372678884
38 49 502.4937810560445
39 49 927.3111667611903
40 49 524.321466278084
41 49 563.9902481426429
42 49 383.64175997928066
43 49 856.1267429534017
44 49 67.68308503607086
45 49 296.33933252270106
46 49 791.3918119364137
47 49 110.67971810589327
48 49 678.9027912742737
