0 1 139
0 2 159
0 3 266
0 4 928
0 5 493
0 6 481
0 7 365
0 8 663
0 9 710
0 10 800
0 11 196
0 12 709
0 13 543
0 14 339
1 2 25
1 3 836
1 4 132
1 5 679
1 6 214
1 7 220
1 8 286
1 9 740
1 10 574
1 11 926
1 12 833
1 13 268
1 14 176
2 3 148
2 4 542
2 5 173
2 6 283
2 7 52
2 8 372
2 9 897
2 10 23
2 11 575
2 12 258
2 13 734
2 14 545
3 4 881
3 5 291
3 6 942
3 7 517
3 8 520
3 9 146
3 10 199
3 11 314
3 12 247
3 13 342
3 14 933
4 5 374
4 6 591
4 7 432
4 8 480
4 9 32
4 10 281
4 11 539
4 12 865
4 13 582
4 14 759
5 6 963
5 7 287
5 8 724
5 9 564
5 10 858
5 11 651
5 12 278
5 13 1000
5 14 84
6 7 856
6 8 622
6 9 60
6 10 901
6 11 262
6 12 801
6 13 987
6 14 921
7 8 520
7 9 282
7 10 361
7 11 710
7 12 994
7 13 389
7 14 100
8 9 43
8 10 57
8 11 65
8 12 121
8 13 25
8 14 262
9 10 979
9 11 783
9 12 109
9 13 109
9 14 83
10 11 487
10 12 212
10 13 926
10 14 935
11 12 870
11 13 556
11 14 973
12 13 427
12 14 577
13 14 313
