16 89 67 73 98 9 38 84 86 94 35 52 59 14 32 10 28 82 39 18 3 79 4 63 31 43 19 2 46 96 25 74 41 60 68 11 83 61 45 23 66 49 12 90 17 7 33 50 5 72 29 20 91 70 24 6 36 88 21 77 64 65 8 58 85 42 92 95 37 15 80 81 13 57 97 40 78 75 71 69 1 47 30 44 87 93 34 62 48 53 55 27 54 56 99 76 22 51 26 100 
10 73 93 82 90 78 53 11 46 51 6 99 91 77 54 64 18 86 2 42 95 21 80 63 87 9 88 52 67 66 97 89 43 56 28 12 50 68 48 16 22 31 57 60 4 55 79 84 26 76 33 81 8 39 75 83 61 65 14 34 85 74 69 41 72 40 94 15 45 62 25 3 29 23 27 100 38 98 58 35 30 36 32 20 37 1 71 5 59 7 96 70 47 13 92 17 44 24 49 19 
69 51 60 34 37 25 27 79 17 21 90 2 93 41 15 88 45 73 57 32 72 89 40 70 48 19 59 7 82 10 77 50 24 39 62 92 13 55 36 63 11 6 85 98 96 3 30 12 26 42 53 43 100 46 67 1 20 35 97 74 28 80 87 38 54 18 56 49 64 14 71 94 86 65 76 33 47 84 61 58 81 99 31 91 9 29 75 23 5 78 52 16 8 95 66 68 22 44 4 83 
15 38 34 80 64 13 9 49 8 65 72 1 53 84 17 78 70 42 75 97 92 4 55 69 100 96 99 36 20 45 44 86 89 22 31 91 26 10 93 85 43 59 11 77 58 14 74 2 61 23 68 62 76 27 50 83 40 54 98 25 57 16 32 3 6 82 47 79 66 52 5 81 71 39 12 29 7 21 60 63 95 30 73 28 94 24 56 67 35 41 37 33 88 51 90 46 18 19 48 87 
73 41 9 25 42 48 54 18 90 76 98 96 11 78 27 37 97 7 16 60 85 45 86 38 33 39 69 93 17 4 34 8 84 1 47 51 75 14 44 59 53 71 20 30 77 64 89 74 80 61 43 24 36 15 46 88 92 32 67 95 29 99 79 57 83 22 35 63 2 70 68 81 40 6 49 13 3 23 50 31 56 66 62 58 87 10 26 72 52 55 12 5 28 19 94 100 91 21 65 82 
72 76 90 10 42 17 68 91 15 70 87 22 88 12 13 94 36 59 64 83 20 92 73 61 40 26 86 98 89 31 100 52 53 66 95 34 63 80 2 3 38 1 19 35 84 7 51 41 57 6 37 21 24 69 78 82 27 49 79 56 54 30 28 11 62 67 29 55 43 48 33 58 8 45 9 85 93 5 65 99 71 97 75 44 16 46 39 77 32 4 74 23 47 18 50 96 60 14 81 25 
45 18 86 50 90 74 51 80 83 61 77 17 37 73 84 31 56 89 65 12 58 92 67 91 8 75 66 95 11 9 99 19 20 14 16 7 30 79 44 23 69 57 33 76 52 36 88 21 93 85 4 28 2 24 54 35 48 94 40 6 59 81 27 78 55 15 63 97 22 39 71 62 64 60 32 68 96 70 100 46 1 41 53 13 34 87 49 10 42 25 3 29 82 26 43 5 72 38 47 98 
30 96 44 52 69 13 54 32 29 37 99 10 19 1 67 73 74 72 7 18 26 61 84 79 17 89 88 25 95 11 77 49 14 2 87 63 83 46 16 12 97 85 57 56 65 93 43 98 31 92 47 62 27 33 35 75 5 40 4 58 91 66 80 6 94 70 53 64 81 28 55 8 36 78 51 24 86 9 39 100 41 34 59 76 3 68 42 48 50 23 38 82 71 20 90 60 21 22 45 15 
23 33 17 58 10 18 60 1 89 40 7 50 22 25 88 77 32 8 5 30 43 19 57 27 29 26 75 42 76 70 86 48 6 90 66 16 51 79 92 82 69 68 54 84 63 45 99 98 55 4 56 78 13 2 81 37 52 71 49 39 44 35 47 85 62 87 9 24 11 74 91 20 67 14 73 96 41 38 53 72 97 65 61 83 36 21 100 34 3 94 28 80 93 95 12 46 15 64 59 31 
75 88 53 26 14 76 61 67 62 98 54 36 86 27 74 32 33 38 8 25 49 89 52 29 48 85 92 56 20 71 66 96 51 21 63 34 6 57 5 83 100 18 44 10 1 59 72 22 60 2 84 70 50 4 91 19 99 95 43 13 31 94 93 78 39 97 68 41 37 80 28 47 77 46 90 23 17 35 64 58 3 9 82 24 11 45 79 81 30 7 73 40 55 12 87 15 69 65 42 16 
57 58 75 80 31 59 60 96 88 93 34 79 100 77 67 11 51 70 1 84 20 6 86 62 9 46 18 25 2 17 97 15 56 45 73 71 19 68 30 26 82 16 50 4 40 39 10 94 21 76 63 65 92 91 23 3 95 13 42 78 87 29 41 90 47 49 55 24 7 28 53 32 83 8 35 98 36 44 22 81 43 74 48 64 99 66 33 52 69 14 38 37 5 12 72 85 54 89 27 61 
33 21 28 16 50 96 27 83 95 9 36 4 41 76 44 20 2 67 29 19 61 35 54 3 13 78 57 77 46 51 31 87 43 47 55 81 80 11 82 24 66 86 93 69 6 70 89 1 73 91 49 100 97 71 14 23 37 84 10 75 22 92 94 48 18 53 56 60 42 68 8 74 45 62 32 17 58 26 88 12 40 98 72 52 59 90 30 7 85 64 38 99 39 65 79 15 25 34 5 63 
33 50 25 57 56 91 81 97 54 93 6 100 84 2 42 82 73 11 46 15 67 24 21 20 63 1 79 75 58 76 7 98 96 71 10 94 17 37 16 40 86 45 32 44 99 72 70 18 88 34 92 29 8 59 31 36 89 4 69 9 90 53 27 55 61 49 14 19 52 83 48 3 74 5 23 78 95 80 30 35 77 47 66 38 65 60 68 64 51 22 62 43 28 13 41 39 85 12 87 26 
99 59 24 64 54 80 57 72 68 78 2 94 76 82 96 32 95 53 100 92 56 8 66 18 93 61 89 5 83 25 17 11 63 40 58 10 62 79 51 60 69 34 47 19 27 36 21 70 73 38 48 39 12 84 88 50 42 90 3 4 86 29 81 16 20 44 23 43 49 45 31 1 28 30 22 46 37 35 14 7 87 91 75 13 9 15 85 55 74 26 71 33 52 41 67 98 97 65 77 6 
93 1 60 80 67 83 90 73 99 34 15 45 4 81 64 74 8 35 53 52 23 92 97 43 88 89 16 77 86 32 84 100 18 10 51 78 49 2 94 50 29 37 96 54 33 66 70 38 25 28 91 27 14 3 30 19 47 7 48 42 36 87 44 82 31 41 24 62 76 9 69 71 59 17 85 46 79 63 55 95 58 61 75 72 39 21 68 56 11 13 65 26 57 5 6 98 20 40 12 22 
75 56 22 52 39 17 68 65 5 99 33 45 76 37 47 41 58 21 11 69 7 60 6 25 50 51 66 15 30 98 35 4 67 27 89 81 91 93 86 57 8 72 71 29 44 77 23 31 49 80 61 48 28 74 12 43 53 24 96 55 14 26 9 38 82 62 85 46 36 3 100 78 19 42 83 70 20 13 97 16 59 40 92 95 94 88 2 73 10 34 64 32 87 84 90 63 18 54 1 79 
16 5 33 70 21 83 32 10 50 14 76 2 25 20 97 78 57 91 85 81 58 88 89 90 47 17 59 66 94 48 39 52 98 45 35 22 63 11 80 6 46 87 73 95 53 3 44 42 79 61 71 65 13 27 69 1 86 72 31 4 82 9 24 37 40 75 60 49 55 36 26 54 28 96 29 77 74 84 15 100 43 92 62 38 12 67 51 41 7 56 19 8 34 30 23 99 93 18 68 64 
13 75 10 37 28 22 90 96 100 24 92 18 17 63 15 94 61 85 86 69 57 59 93 64 84 41 20 23 25 32 79 97 11 72 27 2 21 6 3 89 44 33 76 67 88 39 98 87 58 45 70 52 7 53 77 14 65 1 5 91 78 9 26 71 83 50 73 43 81 51 12 66 38 55 62 95 56 80 40 99 48 19 42 47 31 82 16 68 36 34 46 29 49 30 8 60 54 4 35 74 
14 37 22 30 93 26 21 45 8 29 35 83 88 12 79 18 28 96 20 80 58 86 25 60 24 62 64 33 59 63 46 77 90 31 81 65 100 75 91 39 66 17 70 56 94 1 95 67 82 89 34 16 4 99 9 50 71 47 7 38 61 48 41 42 85 44 76 73 74 69 3 19 32 54 27 5 57 98 23 6 84 87 49 68 13 52 97 92 55 36 40 43 11 2 72 15 51 53 10 78 
95 31 59 30 21 4 73 7 89 82 8 29 63 62 24 91 48 52 37 9 66 18 64 51 74 19 93 85 11 23 6 75 41 81 77 36 55 92 20 70 72 13 97 53 61 34 46 87 71 25 28 60 78 98 26 14 32 12 76 43 50 16 99 15 10 2 67 54 56 33 47 1 100 96 40 42 84 86 68 5 27 65 39 35 83 88 80 57 58 17 94 45 49 90 3 38 79 22 69 44 
81 69 68 4 9 22 73 14 21 31 3 85 72 55 34 78 50 42 61 100 65 6 90 62 52 49 51 18 71 58 54 66 79 24 98 86 93 32 41 27 75 33 67 30 38 19 45 89 82 91 37 76 57 1 95 39 70 88 94 56 63 13 48 2 80 99 43 12 15 87 46 25 84 77 8 26 7 97 44 20 96 10 16 47 5 92 36 53 11 17 74 83 59 40 35 60 28 64 29 23 
99 68 82 43 33 63 95 97 46 87 21 65 35 42 29 78 58 62 53 98 3 11 66 90 13 1 38 10 6 77 48 8 94 30 100 9 89 12 49 20 52 86 96 59 23 37 56 16 80 32 75 92 22 51 83 5 44 7 39 14 79 81 34 61 47 17 18 70 74 55 85 41 31 71 67 93 57 72 27 45 91 28 64 76 50 60 25 15 73 19 24 2 26 4 54 69 36 88 40 84 
47 27 39 90 50 100 89 1 88 85 78 5 26 68 74 13 76 97 6 65 4 63 21 69 80 11 20 81 82 43 60 96 42 24 7 29 53 31 32 61 8 18 14 64 3 72 9 48 19 52 36 16 17 84 49 45 38 79 62 77 30 93 15 40 94 22 51 57 25 58 2 46 23 55 91 83 41 37 44 67 98 56 92 99 86 73 28 12 59 33 10 95 34 66 75 54 70 71 35 87 
94 90 71 59 18 44 75 87 98 96 24 61 82 69 99 27 58 88 63 6 9 83 19 84 68 64 51 85 39 79 72 56 30 100 32 70 13 65 4 21 37 47 12 45 80 23 55 7 93 73 28 26 89 14 29 67 53 1 2 76 77 52 74 62 33 25 5 97 66 50 49 15 40 57 41 91 81 34 22 31 78 54 48 11 86 10 43 17 92 38 42 16 60 3 20 95 46 35 8 36 
5 9 66 60 8 47 2 88 82 64 10 78 11 73 15 70 90 68 86 76 1 92 58 43 77 83 38 21 94 53 7 18 13 72 89 71 79 26 65 98 42 41 24 29 14 57 40 80 93 17 96 54 3 50 27 84 31 63 30 49 23 61 45 97 6 85 81 99 75 51 46 28 33 52 87 37 20 100 32 35 59 48 67 56 55 34 39 62 91 44 25 74 69 12 19 16 95 36 22 4 
54 59 51 35 33 77 34 88 91 57 17 47 56 58 1 37 72 67 15 25 24 18 44 12 30 99 76 4 29 6 42 64 3 90 71 81 39 92 7 22 69 14 49 85 23 73 5 93 68 50 65 10 80 43 8 53 36 27 16 74 2 79 100 84 45 26 95 75 13 38 31 9 60 66 87 94 52 83 11 21 55 46 48 78 41 32 96 62 61 97 89 20 70 82 28 63 86 19 98 40 
65 37 62 85 25 11 24 49 64 45 36 33 93 92 59 39 4 63 30 19 44 13 18 5 43 60 66 69 74 90 38 86 48 31 81 35 50 96 1 57 16 72 28 58 84 87 82 54 53 8 46 12 95 97 26 56 67 52 7 100 71 23 3 79 99 6 9 14 68 40 70 42 75 34 10 61 22 94 80 89 88 17 20 77 15 91 21 73 76 78 83 32 27 41 47 2 55 51 29 98 
36 11 43 28 4 72 84 93 57 79 87 69 58 48 68 75 51 70 94 42 98 34 14 13 71 83 31 22 45 91 39 19 88 78 90 61 85 10 99 81 20 35 53 80 86 65 17 33 40 9 25 62 66 32 82 100 67 12 5 73 49 46 8 3 60 95 30 63 16 77 59 52 6 27 41 24 18 21 96 50 7 97 15 92 44 56 26 54 74 89 29 76 2 37 1 23 38 55 64 47 
12 43 38 95 3 65 15 82 37 36 9 20 84 87 85 17 67 99 89 21 79 100 10 23 62 7 69 59 48 14 68 26 28 90 50 4 54 6 81 98 64 19 34 51 29 22 16 71 94 11 97 88 60 41 24 52 80 78 63 13 47 49 30 2 75 57 73 44 33 18 96 83 35 40 39 46 66 56 53 91 70 86 74 76 45 77 72 8 27 93 58 31 25 61 1 5 55 32 92 42 
92 52 9 12 7 48 61 75 100 30 14 10 54 46 24 72 68 42 51 96 62 22 44 38 45 79 35 73 55 60 19 93 85 27 88 15 80 70 67 71 65 28 6 98 40 77 78 63 76 1 56 37 4 59 34 64 21 13 83 89 81 25 57 8 32 50 41 95 2 17 49 47 23 90 97 94 36 43 87 74 20 58 39 91 3 29 84 66 86 18 33 69 82 5 16 31 99 26 53 11 
32 57 69 45 41 51 79 81 29 76 73 21 28 93 54 85 14 53 48 37 65 15 75 8 39 2 13 4 62 91 52 89 30 59 43 99 47 19 95 61 58 90 7 88 100 94 23 68 36 16 92 83 49 55 64 56 70 3 27 74 9 40 50 24 87 97 31 96 35 46 38 33 84 22 67 98 77 18 1 6 60 42 34 63 17 12 82 44 71 26 86 78 20 25 11 10 72 5 80 66 
12 63 24 47 5 90 94 50 95 37 4 33 54 34 79 23 75 70 28 17 96 25 97 45 19 32 29 58 16 9 42 100 66 2 15 71 11 38 74 84 14 46 69 55 30 82 73 51 83 92 59 44 39 20 36 26 3 88 85 35 49 91 76 41 80 18 78 6 68 67 27 57 62 48 60 56 99 43 72 87 53 8 31 89 10 21 40 98 86 77 52 22 1 61 7 65 13 81 93 64 
5 77 23 21 4 97 17 90 96 87 6 50 82 7 69 86 26 65 47 16 63 92 30 31 80 53 14 51 78 83 37 73 74 35 20 41 12 8 27 70 34 2 44 32 45 57 62 75 76 36 95 1 18 25 42 91 19 85 89 79 55 72 84 66 11 49 15 33 10 39 61 94 99 59 28 29 46 22 3 43 48 9 100 58 60 98 67 24 56 13 64 81 52 68 93 38 88 71 40 54 
40 61 8 28 21 65 95 14 86 79 50 20 42 87 88 1 70 73 31 66 99 9 93 23 41 100 72 46 98 89 5 76 59 92 13 49 12 26 43 55 29 18 30 17 38 77 91 34 6 32 74 75 51 62 27 4 3 90 36 2 85 97 78 25 56 7 11 52 35 67 80 24 19 47 39 54 64 22 71 94 58 10 81 83 63 84 68 45 44 96 69 37 53 57 33 82 15 60 16 48 
8 18 12 66 89 11 56 61 92 58 55 50 96 44 52 70 30 35 45 78 88 97 73 77 14 36 33 22 42 23 38 87 27 39 81 6 91 71 40 60 2 64 10 86 34 69 24 59 47 17 68 57 72 85 28 16 100 99 67 83 65 46 25 41 90 82 76 80 54 20 19 29 98 93 15 75 31 26 79 1 95 94 43 21 4 13 5 49 74 63 84 3 62 53 9 32 7 51 37 48 
19 37 3 89 30 87 98 71 43 9 15 55 64 65 31 48 44 88 72 53 59 77 100 40 66 41 68 76 94 92 95 36 2 56 34 42 75 39 99 84 60 81 90 58 82 24 80 51 50 11 61 8 97 5 21 63 32 67 83 91 22 16 1 14 62 96 52 49 13 17 26 54 27 4 23 18 73 10 78 35 33 70 38 57 6 79 7 46 25 69 28 20 74 86 12 29 47 93 85 45 
15 46 38 100 43 20 30 44 70 92 81 50 12 59 48 73 99 90 35 49 72 18 60 6 98 88 84 31 91 58 29 56 54 62 53 33 16 97 41 8 14 78 23 21 96 57 61 68 4 74 24 5 17 3 1 80 2 63 94 10 45 79 86 47 7 87 22 9 93 77 76 89 28 25 85 82 11 42 19 13 32 40 71 51 65 69 67 66 36 26 95 34 55 39 64 37 52 83 75 27 
86 97 65 5 80 28 90 7 81 24 25 18 63 9 39 78 82 15 91 42 21 51 36 60 66 92 35 45 99 8 44 87 1 13 12 88 38 11 2 41 43 75 72 32 23 84 95 71 69 94 49 22 56 67 58 10 53 4 3 17 76 70 62 100 73 31 61 46 74 37 96 54 52 98 27 16 14 89 33 68 50 93 48 79 40 19 77 20 64 85 59 34 55 57 30 29 6 26 47 83 
46 91 50 28 34 45 18 75 11 16 9 98 41 57 26 5 65 88 17 53 68 76 61 12 4 48 30 13 92 81 1 32 3 64 89 71 29 84 22 55 93 35 33 39 95 100 54 44 72 62 83 97 24 42 19 78 79 20 86 74 82 10 49 51 15 36 80 27 31 67 63 87 47 8 21 43 73 94 85 25 66 37 14 69 23 99 90 77 7 38 2 58 6 60 40 52 96 59 70 56 
47 9 57 70 4 93 83 51 64 75 45 76 44 60 30 100 96 18 88 38 50 77 2 52 48 91 6 72 61 40 92 69 65 63 54 82 36 87 67 27 22 26 43 42 39 23 19 3 89 98 14 35 16 97 32 73 17 74 10 11 25 20 58 24 34 53 21 37 31 41 46 8 56 66 94 86 12 80 29 28 15 95 59 5 62 49 68 85 84 78 13 81 99 55 90 1 7 33 71 79 
67 40 62 17 60 72 21 92 28 73 68 90 5 93 59 38 9 6 55 61 91 4 36 78 71 75 33 34 10 11 74 29 100 23 69 76 2 45 83 16 64 35 49 98 51 32 58 77 3 54 53 37 66 8 87 25 19 57 84 41 56 80 63 94 99 96 1 18 20 27 39 79 46 82 47 7 86 43 15 52 42 85 48 50 81 22 70 65 97 13 31 95 44 24 14 88 89 30 26 12 
70 51 26 11 63 53 79 37 71 22 28 42 86 74 32 99 66 87 6 33 25 67 68 98 39 13 57 48 27 10 94 64 4 16 45 19 17 5 35 58 85 21 36 76 97 20 72 75 34 2 24 93 62 83 54 88 96 77 55 52 95 40 50 84 1 23 38 29 78 14 31 46 89 65 61 18 82 8 30 59 3 44 91 41 92 81 12 80 9 47 49 69 15 43 90 56 73 60 100 7 
30 72 65 7 2 85 56 36 89 93 19 14 32 25 21 37 94 48 29 91 62 73 47 53 57 64 41 33 45 40 35 51 66 87 16 44 22 86 49 80 74 96 31 76 79 75 61 24 77 84 100 28 34 60 3 18 82 67 90 38 8 78 26 5 39 58 43 70 68 97 92 69 59 54 71 99 46 6 63 83 23 13 9 15 1 81 11 20 98 12 42 10 50 27 17 4 52 88 55 95 
75 67 40 80 31 93 92 98 49 88 72 1 83 62 68 95 81 23 28 27 76 57 54 33 13 47 69 58 64 38 37 17 96 99 29 97 82 18 52 26 39 46 14 9 55 16 3 71 7 50 43 8 86 22 19 34 100 42 44 89 73 6 25 45 21 10 61 84 2 53 78 32 5 91 65 20 56 85 4 15 24 36 41 35 87 74 63 48 66 90 51 79 60 12 70 30 11 94 59 77 
41 63 74 58 89 44 83 87 48 86 49 9 96 94 12 95 16 73 70 18 5 76 29 71 51 36 79 19 4 66 78 80 28 97 7 21 39 90 46 17 93 47 72 98 62 60 37 68 91 42 34 43 27 30 55 31 75 45 24 57 67 15 64 38 23 35 53 25 1 6 85 82 92 99 11 88 22 84 26 2 50 14 65 3 77 10 100 13 52 56 8 40 69 59 33 54 32 61 81 20 
18 37 74 4 20 88 89 27 100 2 83 64 92 85 81 95 63 25 98 97 66 14 39 41 61 80 5 48 79 68 36 71 11 75 84 69 43 60 34 42 19 45 76 67 21 15 53 77 28 93 65 58 23 72 8 6 30 50 13 49 3 22 9 87 94 17 86 1 52 55 62 96 51 38 57 35 26 10 82 33 91 40 78 54 70 56 90 32 12 99 29 16 44 73 7 31 46 47 24 59 
49 58 60 89 24 1 91 46 14 63 86 12 92 2 53 15 50 55 90 48 3 8 32 83 31 84 57 87 36 94 82 11 23 70 51 37 42 74 38 62 10 19 30 47 75 44 81 35 28 4 39 7 54 80 96 85 68 16 76 95 99 34 40 52 73 72 41 13 25 93 98 56 43 78 5 61 69 100 33 9 79 22 64 71 97 88 17 20 77 65 59 29 26 21 6 27 45 66 67 18 
46 1 27 76 84 94 52 86 82 40 5 67 66 71 57 90 30 81 45 49 25 61 14 69 79 24 6 42 21 56 15 55 34 95 4 39 88 98 47 99 10 41 7 50 8 2 64 59 83 58 17 91 48 74 22 72 78 100 18 36 51 16 33 73 3 20 60 43 63 92 44 37 87 38 65 89 29 32 97 54 11 77 62 9 80 75 13 70 96 93 68 19 12 28 26 31 23 53 85 35 
19 72 4 37 25 86 69 16 18 94 97 50 17 23 93 13 66 22 98 85 44 3 24 62 38 57 78 5 40 55 92 61 46 20 68 64 47 30 14 34 96 10 52 80 29 11 82 28 77 27 45 90 56 84 9 83 54 99 100 79 43 31 32 8 65 36 59 33 2 89 95 21 88 71 39 49 70 73 35 63 6 58 26 87 81 74 42 53 51 12 75 7 60 15 48 76 1 41 91 67 
53 27 87 92 44 18 29 40 7 21 8 94 36 77 54 24 98 32 22 14 70 60 25 30 5 26 4 90 12 46 73 6 61 9 47 84 75 57 71 55 68 23 2 89 42 28 15 49 16 43 39 19 100 80 41 50 79 65 78 13 86 3 31 20 96 85 88 45 58 91 93 95 99 33 62 51 82 97 69 38 52 76 37 67 56 83 64 35 74 34 11 81 10 59 66 63 1 17 72 48 
69 20 100 9 38 4 46 25 91 39 15 57 86 71 30 67 12 88 34 37 48 17 11 26 60 74 73 55 59 49 65 79 56 97 98 45 76 68 70 28 90 19 24 89 77 3 84 93 94 40 51 92 32 7 66 85 22 43 75 41 83 13 54 33 47 31 35 58 23 21 80 96 2 42 99 29 72 64 16 10 50 78 61 27 14 18 52 82 5 62 53 63 8 44 6 36 87 1 81 95 
32 39 69 6 10 52 59 88 38 5 58 61 24 1 80 16 53 84 60 33 67 99 85 12 13 15 49 40 51 30 47 44 45 19 78 95 25 75 93 79 31 43 48 27 7 18 83 23 63 14 26 17 2 46 81 22 86 64 37 76 20 77 72 55 92 94 56 66 65 50 36 97 74 87 91 21 96 41 98 4 11 8 54 71 68 34 9 70 42 90 29 100 62 82 35 89 57 28 3 73 
66 65 50 37 8 47 46 6 16 95 94 87 93 49 52 39 32 85 72 30 33 36 15 69 77 13 34 99 63 78 83 28 60 29 71 20 2 5 96 86 97 14 73 79 26 21 55 88 100 76 18 56 67 40 22 59 9 80 27 91 84 3 68 75 70 53 48 81 61 1 43 51 38 98 54 12 31 24 11 4 41 90 35 10 45 82 62 19 58 44 42 25 7 92 23 74 64 17 57 89 
55 13 26 60 21 22 17 50 56 31 32 97 87 91 71 92 83 23 43 75 39 28 64 48 24 12 59 78 95 73 35 42 67 18 19 90 61 7 72 5 88 8 44 81 63 3 94 96 27 66 11 15 20 4 57 53 46 77 99 47 36 51 34 37 10 16 100 29 33 89 2 74 14 9 76 30 58 40 82 85 41 65 70 93 79 98 84 6 80 69 49 54 38 1 62 86 45 25 52 68 
14 10 30 76 50 63 70 99 19 25 31 97 87 91 66 95 1 4 83 40 37 60 53 11 32 80 9 43 46 16 61 33 75 7 90 12 18 39 8 23 22 92 27 82 74 21 78 72 34 6 69 2 48 54 41 100 17 86 28 20 94 49 81 79 51 88 62 36 3 44 52 59 98 56 57 58 35 15 55 73 96 42 89 85 38 68 65 77 93 26 29 45 67 5 84 64 24 13 47 71 
81 53 84 21 72 32 56 99 31 24 39 4 80 12 75 45 18 82 73 41 44 86 17 35 77 96 59 25 20 43 8 66 23 13 47 3 90 67 40 87 55 15 34 6 79 98 42 54 16 88 5 30 10 62 71 28 63 94 85 29 92 68 11 76 37 97 69 49 57 14 22 100 74 38 51 61 1 52 33 91 65 26 27 78 70 19 48 7 58 89 36 2 9 60 93 64 83 95 46 50 
60 93 44 98 90 28 59 97 88 87 94 83 21 66 50 77 53 9 5 20 35 82 85 74 42 12 19 39 23 14 17 78 18 36 37 22 24 25 55 8 70 65 91 32 69 64 54 68 27 81 56 72 45 38 58 86 7 76 100 95 40 46 75 2 4 43 84 52 3 62 96 92 33 34 51 89 1 47 63 6 13 16 41 26 73 31 61 99 80 49 79 11 10 67 30 48 57 29 71 15 
44 52 88 57 46 82 32 89 93 39 28 67 33 14 42 64 80 56 23 7 5 77 55 6 61 69 36 100 91 99 74 50 16 73 34 86 54 45 8 10 22 68 40 95 4 9 48 27 17 81 59 92 84 19 98 65 60 63 96 94 20 41 21 38 1 24 71 66 79 78 58 83 12 37 75 90 11 15 85 35 13 31 30 26 3 29 72 97 87 2 76 25 51 70 47 53 49 43 62 18 
36 8 57 32 1 44 84 68 74 89 91 98 48 60 45 13 38 87 93 63 70 19 37 2 97 56 23 30 20 61 79 59 76 77 7 71 99 52 39 95 6 73 16 18 21 17 96 78 92 46 54 100 67 24 81 29 41 22 9 40 83 15 25 31 51 3 5 35 4 80 10 94 75 34 26 62 82 42 53 64 12 66 33 85 11 47 50 90 14 28 86 58 65 88 72 69 43 55 49 27 
4 23 63 94 5 36 84 55 40 24 75 81 73 90 79 20 15 7 26 83 18 72 19 6 60 77 47 13 48 27 97 53 41 49 38 28 69 52 35 16 93 54 61 74 34 2 86 44 96 21 46 29 62 80 51 45 88 43 64 100 11 57 32 70 1 65 12 85 89 68 22 50 14 39 37 98 10 87 56 76 31 91 8 78 59 92 9 30 66 82 3 33 58 25 99 95 42 71 67 17 
57 51 66 65 88 90 69 76 50 59 75 33 34 52 42 74 29 16 38 91 8 85 53 49 99 27 87 32 14 81 94 30 26 54 86 19 79 68 98 15 61 43 78 67 60 80 18 62 70 72 37 1 83 21 64 63 92 84 100 22 4 23 12 13 3 7 39 44 56 46 96 17 89 10 5 2 41 95 6 11 24 35 77 9 58 73 47 71 55 20 97 40 45 36 82 31 25 48 28 93 
98 88 20 77 62 57 92 16 79 10 53 89 72 71 18 47 81 3 70 45 44 86 100 60 83 48 84 17 40 74 64 49 38 73 9 22 24 19 32 56 6 85 15 78 63 52 2 93 76 8 21 11 27 80 37 91 7 29 58 68 75 30 67 35 43 90 99 23 12 31 54 34 82 65 46 42 66 13 55 5 95 50 36 14 87 59 25 69 4 51 97 61 96 28 1 26 39 33 94 41 
7 71 81 13 30 19 60 10 34 24 97 40 92 79 56 89 82 65 52 76 3 57 28 11 4 22 83 96 25 44 99 61 18 93 35 21 51 20 2 69 73 53 66 46 17 15 41 95 88 37 75 78 54 58 84 68 33 16 64 29 8 85 72 26 32 27 94 38 45 62 90 31 39 70 63 48 67 6 14 91 12 87 55 98 77 9 47 43 80 50 59 36 100 1 5 74 42 49 23 86 
72 37 62 76 45 6 78 96 87 18 98 28 56 77 29 43 47 53 70 20 73 84 80 39 99 34 41 8 7 68 55 65 17 97 50 36 27 13 10 85 9 100 79 59 38 71 91 46 60 58 89 2 5 94 11 52 15 26 88 32 1 4 93 51 42 90 48 81 75 14 40 35 19 22 24 33 64 3 25 49 83 63 30 69 61 12 82 16 44 74 66 31 95 86 23 67 57 92 21 54 
80 1 25 34 71 99 38 52 78 46 47 73 77 83 36 49 57 69 68 85 26 33 72 56 95 50 88 35 63 98 7 54 62 13 20 79 19 14 94 75 37 31 2 86 12 27 17 21 59 29 42 74 96 93 67 66 41 44 22 45 10 60 87 30 55 5 84 9 90 97 6 91 65 3 39 24 43 53 92 58 89 8 64 61 16 48 4 18 100 51 76 70 11 28 23 82 15 40 81 32 
20 84 80 52 42 72 75 16 34 1 33 60 78 67 9 66 76 64 62 86 37 94 77 23 8 49 2 61 54 55 40 46 68 19 73 59 4 57 25 92 44 10 38 17 56 88 85 47 82 70 12 3 32 22 5 11 69 27 95 83 65 14 50 6 41 26 99 71 100 15 29 98 74 43 36 7 96 63 51 89 81 90 13 91 87 93 97 18 48 28 31 39 21 30 58 45 79 35 24 53 
40 92 35 70 23 48 36 84 15 33 5 91 50 8 9 76 73 74 81 69 19 7 56 30 58 88 98 75 44 66 47 95 34 3 49 51 29 72 99 17 59 89 31 22 61 12 37 11 79 64 87 85 53 68 41 94 42 10 38 27 62 82 80 67 14 83 6 63 25 39 18 77 46 78 97 32 2 96 86 55 100 71 90 26 16 20 52 24 28 45 13 93 60 54 21 65 43 1 57 4 
81 48 8 26 6 17 95 83 71 1 77 32 44 35 79 54 87 74 70 84 33 28 98 60 56 53 64 93 23 90 40 61 86 34 38 50 41 3 31 36 65 14 11 20 80 97 12 18 46 62 29 2 89 57 16 91 72 82 49 69 55 78 21 85 63 4 52 39 13 67 59 9 22 37 42 25 73 88 66 27 92 94 45 43 24 100 10 19 15 76 51 99 5 96 75 68 7 30 47 58 
74 37 77 33 25 83 9 46 55 81 17 67 64 59 47 16 96 61 7 1 19 94 14 44 95 82 29 22 6 35 12 92 87 23 15 26 56 2 52 18 98 48 24 76 41 28 51 58 5 3 54 99 60 36 43 42 79 75 32 11 69 8 49 4 97 62 84 13 50 21 20 39 88 93 40 89 31 27 57 53 86 38 34 63 10 65 30 78 85 72 90 45 71 73 100 80 91 70 66 68 
10 26 85 41 50 29 74 1 33 88 39 100 71 8 57 86 42 90 93 52 40 72 64 7 32 61 25 13 59 44 3 30 22 97 21 63 84 65 83 15 80 62 56 4 28 11 31 78 20 87 92 23 16 55 6 34 45 77 36 54 14 94 18 60 17 38 75 51 46 99 27 66 58 2 70 37 96 73 68 91 89 5 12 79 82 53 69 19 95 67 49 9 98 47 43 35 81 24 76 48 
69 68 55 17 62 80 21 67 56 93 5 91 71 100 26 82 45 74 7 85 37 1 83 29 38 84 30 75 48 97 54 63 65 11 43 42 96 76 8 34 13 25 20 94 41 61 4 92 12 35 57 59 51 15 64 22 18 89 47 40 3 87 46 53 6 44 49 81 95 2 31 28 88 52 23 10 50 60 36 16 39 33 79 78 19 24 73 77 99 86 90 58 14 66 70 72 98 32 27 9 
24 86 62 43 74 39 36 92 68 21 78 46 61 26 11 3 56 7 40 30 31 9 38 32 12 90 8 95 25 99 69 29 51 58 5 48 13 44 27 37 15 57 41 20 81 72 4 50 94 93 66 35 10 64 73 22 16 87 45 2 67 28 100 79 6 53 96 84 77 70 54 65 80 18 60 19 42 59 52 83 88 49 34 1 14 97 47 63 71 85 75 76 55 98 91 82 89 17 23 33 
70 82 80 34 77 56 78 20 58 60 91 61 93 67 41 11 71 94 24 48 9 45 57 52 7 88 6 29 37 5 53 26 35 49 42 96 99 14 76 68 3 54 98 19 8 51 30 16 46 36 22 13 44 2 72 69 28 47 90 64 95 18 39 12 27 73 84 55 25 75 74 33 87 38 15 4 1 92 17 50 86 97 81 62 23 59 65 43 85 63 40 83 10 21 31 100 89 79 32 66 
52 69 31 75 7 26 82 60 39 98 5 10 6 56 15 92 33 45 67 9 28 23 21 36 62 19 96 74 81 18 35 63 37 42 90 32 41 97 79 40 76 43 68 83 54 49 85 58 66 80 51 44 64 47 1 14 29 87 16 95 12 25 24 70 89 46 48 59 88 84 65 3 13 73 17 100 93 53 38 30 22 11 99 77 20 27 91 55 78 72 34 2 50 86 8 94 61 57 4 71 
14 13 1 89 46 28 7 62 3 57 40 56 81 37 2 11 99 16 63 24 74 42 88 82 78 55 69 54 70 26 45 31 23 49 38 4 86 30 58 68 77 73 61 72 5 51 20 93 17 66 6 8 92 10 64 67 21 48 90 97 83 98 50 34 29 12 19 87 15 71 25 91 44 9 75 53 43 27 80 60 36 47 79 84 95 85 18 39 100 52 59 22 96 33 65 41 32 76 35 94 
98 1 25 36 2 8 92 84 17 10 23 44 18 37 52 50 12 95 5 74 3 20 41 4 79 100 61 93 33 62 57 66 32 39 22 87 85 89 35 77 64 28 47 91 16 53 59 76 73 43 69 68 26 21 19 46 42 63 49 48 9 97 67 13 65 96 88 94 54 60 27 78 56 40 75 82 11 38 24 80 30 7 14 51 15 34 71 72 45 29 58 70 55 90 99 6 86 31 83 81 
35 53 71 3 33 13 83 75 44 37 36 78 31 39 17 96 5 73 97 92 86 80 46 32 74 56 41 67 20 87 93 51 43 52 15 90 49 4 69 6 2 23 100 18 68 16 77 55 66 22 57 61 85 45 21 19 70 59 29 30 98 72 26 24 9 11 50 99 10 58 12 28 65 79 47 84 42 14 76 62 60 95 89 8 82 91 64 63 40 88 48 7 54 27 38 34 81 94 1 25 
31 81 82 90 69 54 66 68 51 27 85 7 60 92 49 57 50 6 73 45 94 30 10 79 70 37 41 63 86 52 15 53 39 95 91 62 47 33 25 87 19 4 96 23 100 83 14 11 89 93 77 46 97 13 38 9 74 20 99 43 21 36 71 12 58 16 18 78 34 98 5 2 42 29 65 32 67 61 84 48 35 59 88 56 80 24 1 26 44 40 76 17 28 64 55 8 22 75 72 3 
28 92 80 64 32 96 21 43 69 24 44 36 22 5 89 71 18 78 13 76 46 67 20 4 47 79 11 51 35 16 37 83 73 8 57 77 72 45 33 50 99 60 6 81 3 86 30 29 1 84 66 26 7 98 90 19 100 31 25 65 94 42 97 93 9 82 91 49 23 88 62 74 70 56 15 12 48 61 58 75 34 27 85 68 52 17 53 38 63 2 40 87 55 41 95 14 39 10 54 59 
11 57 67 36 83 34 87 21 19 18 82 1 15 61 58 84 37 32 95 96 89 30 99 78 79 20 48 77 22 100 81 63 26 9 60 28 92 90 59 24 55 97 8 98 50 64 43 10 54 6 66 25 16 91 46 14 72 49 38 70 71 35 13 39 44 45 73 42 29 17 52 51 65 5 23 33 76 74 85 31 75 80 41 47 86 69 3 53 93 12 27 7 62 4 2 56 68 40 88 94 
55 42 54 83 49 62 38 52 89 17 37 47 90 58 92 13 26 34 99 82 84 81 50 88 7 15 3 85 19 77 75 41 14 51 22 29 11 23 53 71 78 73 44 96 74 60 39 9 30 27 36 98 64 33 57 8 24 87 86 32 79 80 5 69 20 12 48 100 91 61 56 68 97 95 2 70 45 67 18 10 94 35 76 43 28 6 46 1 72 59 65 16 31 40 66 4 93 63 21 25 
50 54 95 18 90 94 13 40 56 30 37 26 25 65 88 46 36 5 9 67 28 4 39 97 51 99 32 35 3 1 89 10 31 52 87 80 96 47 63 98 16 82 34 77 15 8 58 29 57 100 49 93 24 78 91 71 20 33 74 69 43 6 72 42 27 48 11 83 62 45 66 19 92 86 14 55 59 44 17 12 22 21 84 60 79 68 53 75 73 81 85 76 64 41 2 38 23 7 61 70 
1 98 99 34 53 57 84 89 62 38 20 82 91 19 15 42 44 96 23 63 78 50 94 2 68 79 95 32 26 93 13 16 41 80 25 35 4 33 74 21 67 17 37 76 58 77 86 39 56 10 47 9 22 92 24 43 55 87 65 7 3 18 75 60 31 61 85 70 97 51 36 52 40 73 30 90 81 14 49 71 69 100 88 28 48 12 29 45 72 54 11 46 64 6 27 59 5 8 66 83 
63 89 66 24 41 54 96 26 30 8 55 49 35 85 56 52 92 84 77 78 82 64 43 71 86 73 99 13 28 51 11 80 74 36 39 10 87 40 18 29 38 65 88 4 76 91 50 61 3 16 62 97 23 9 37 5 58 46 34 1 81 45 25 57 48 69 93 70 42 67 83 98 33 31 22 79 2 75 72 53 21 95 6 59 20 15 68 100 60 7 17 94 19 47 27 32 90 14 44 12 
81 63 27 9 50 3 35 57 78 2 87 61 39 38 82 72 54 19 37 16 26 46 25 94 65 55 97 95 98 10 32 20 99 48 58 76 34 24 92 52 44 49 18 29 85 73 91 4 53 1 7 5 42 30 70 22 59 21 13 56 28 100 33 62 80 71 74 40 23 88 8 15 96 12 14 77 11 51 86 69 68 67 60 66 64 79 31 45 90 75 47 6 36 83 17 84 41 93 89 43 
51 77 96 91 32 70 60 93 87 28 92 75 44 7 85 2 90 73 43 29 48 78 22 5 66 88 36 6 81 79 8 27 21 71 26 98 56 3 67 58 53 54 41 24 65 4 25 14 99 59 23 11 19 40 62 69 10 95 35 94 72 34 12 64 63 31 84 33 9 38 74 61 55 86 68 49 100 13 37 15 47 42 97 45 1 57 20 83 50 17 82 18 46 16 89 76 30 39 80 52 
13 67 82 47 97 36 96 87 6 26 98 2 56 33 68 57 11 5 99 42 93 78 18 90 24 50 92 51 10 37 19 86 32 76 49 27 83 61 70 23 89 38 48 43 22 75 64 15 63 39 55 45 60 3 54 100 29 81 34 65 12 16 20 40 21 72 58 53 8 17 41 59 77 71 85 88 74 1 44 14 35 91 46 4 52 69 73 62 31 95 25 7 94 30 79 9 66 84 28 80 
79 53 48 66 98 30 26 70 40 100 11 7 62 87 72 90 18 76 73 56 14 91 47 9 57 74 83 4 58 61 23 33 35 6 24 99 5 89 65 37 86 93 41 80 52 75 43 15 36 8 50 92 13 78 77 82 54 45 29 20 22 1 27 19 10 31 21 25 69 71 39 59 46 16 94 17 55 96 34 32 81 49 38 51 12 28 67 44 68 63 95 42 84 2 64 88 60 3 85 97 
17 44 18 97 77 31 32 90 5 20 51 25 88 39 27 4 10 37 28 33 87 100 9 93 46 75 62 52 63 99 61 22 82 26 89 73 38 78 30 95 6 42 84 54 92 45 57 43 50 67 74 3 40 72 11 15 83 56 12 53 76 68 65 13 71 34 64 29 94 69 86 7 41 60 36 24 2 66 79 8 58 85 59 98 48 23 55 14 80 91 47 16 96 1 81 35 49 19 70 21 
59 45 32 55 54 70 92 86 74 28 31 18 83 85 27 63 69 80 78 97 30 10 25 73 44 71 14 5 21 38 75 22 39 11 29 58 60 53 51 36 98 77 84 8 99 23 57 33 9 76 49 12 43 40 48 100 89 62 50 52 47 42 72 4 37 88 91 46 66 2 90 79 82 68 41 3 20 34 87 7 17 13 15 6 26 94 19 95 64 93 24 56 96 35 67 81 65 1 16 61 
94 50 6 34 65 60 36 28 80 89 86 11 43 52 29 77 84 30 20 48 32 83 4 63 24 59 75 18 62 10 9 92 19 40 69 96 79 64 38 26 82 16 88 100 78 8 21 57 93 99 39 37 49 72 45 95 98 25 31 51 81 90 56 35 91 68 58 13 44 54 46 27 23 97 33 66 2 1 22 47 55 3 71 7 53 74 14 85 87 5 73 67 17 12 42 41 61 70 76 15 
56 64 54 85 15 2 57 73 76 1 78 93 100 88 12 89 33 52 11 39 48 66 42 4 25 28 13 59 29 67 14 41 35 77 63 86 96 27 34 50 95 32 83 26 36 99 60 72 8 69 87 94 7 49 17 47 62 21 19 24 45 38 22 58 91 3 51 30 53 81 80 82 16 68 5 90 40 23 46 9 37 55 70 84 43 74 97 98 10 92 20 71 79 75 31 65 44 6 18 61 
84 9 80 33 50 69 60 32 43 52 22 10 63 92 82 20 44 54 40 70 34 7 5 16 76 46 45 77 65 3 83 93 90 15 94 78 75 13 68 87 31 97 27 11 67 64 74 48 23 98 29 19 89 100 41 73 4 26 25 30 96 12 55 18 86 51 35 71 62 66 6 81 36 49 14 8 61 79 2 72 53 58 99 21 47 28 88 85 42 57 17 24 37 95 56 1 39 38 59 91 
23 77 20 93 91 81 64 38 57 96 36 19 65 73 33 10 27 99 100 60 80 12 94 54 76 88 15 61 47 97 37 62 66 31 13 53 75 51 43 87 90 29 63 86 44 5 17 55 8 14 18 6 85 4 1 48 69 50 98 42 11 83 84 52 22 70 67 39 26 74 16 71 79 2 3 92 35 28 40 45 49 95 21 78 58 34 25 89 82 56 46 59 68 24 32 30 7 72 41 9 
62 69 86 50 9 66 67 18 42 20 13 4 1 98 70 6 64 34 45 37 23 14 68 22 28 91 15 83 95 48 61 90 54 94 24 30 82 99 89 71 58 52 57 75 78 21 38 16 32 36 33 51 93 56 53 44 77 46 40 19 8 60 80 81 100 47 3 96 88 41 39 92 5 79 84 27 63 73 26 85 43 65 72 59 31 87 74 11 76 7 29 49 2 17 97 10 12 35 25 55 
10 57 9 68 73 100 44 6 67 43 99 28 16 31 62 42 48 82 74 80 49 89 96 20 92 32 7 81 55 88 97 38 59 51 29 90 64 12 8 1 23 17 37 71 33 26 19 50 45 39 30 53 24 85 52 54 61 76 56 47 21 72 36 69 77 41 4 63 87 98 70 95 27 35 18 14 40 83 79 94 3 84 22 78 2 13 58 34 11 91 75 86 93 66 15 25 65 60 5 46 
26 72 1 96 29 6 92 19 90 65 94 54 28 39 55 22 77 36 79 95 40 16 51 76 8 58 25 9 48 97 45 63 3 18 59 11 89 12 84 43 82 21 32 78 31 99 38 47 23 86 56 10 30 53 15 27 81 67 60 33 62 87 85 80 46 73 74 68 64 7 75 91 100 41 37 83 20 70 71 34 44 13 50 17 2 4 24 5 61 49 14 42 98 52 93 66 69 35 57 88 
36 56 11 87 27 80 90 59 92 10 25 95 6 66 73 24 48 68 76 50 81 91 41 60 97 70 74 53 17 12 63 58 13 33 96 98 37 82 8 9 1 39 46 51 62 57 54 34 64 22 86 61 20 78 42 32 65 83 67 21 3 4 94 52 16 71 45 77 44 69 55 19 40 35 85 31 79 2 49 23 28 26 99 72 18 88 30 84 7 89 38 100 5 29 15 47 43 75 93 14 
10 69 34 76 80 8 90 16 39 88 99 73 45 40 6 28 100 63 94 27 98 32 70 82 78 58 1 85 72 95 62 48 84 89 7 50 74 24 20 97 41 5 3 77 23 31 9 92 56 93 13 30 52 22 37 2 29 46 67 11 21 14 47 60 68 87 35 79 44 19 83 75 18 65 43 17 51 59 53 15 54 86 25 42 26 96 4 38 66 55 81 12 91 61 64 57 33 49 36 71 
100 10 24 47 50 1 27 79 54 72 41 77 83 37 85 91 62 2 23 36 28 38 30 81 59 13 64 92 6 99 46 5 26 33 78 96 71 17 8 90 31 70 45 80 86 7 18 11 21 82 56 61 20 16 34 75 65 63 3 22 15 19 42 84 52 60 12 51 88 32 74 53 14 69 48 49 29 40 58 97 98 73 55 95 43 89 25 87 67 39 4 9 57 35 44 94 66 93 76 68 
2 23 60 38 19 33 66 34 13 56 74 47 99 12 35 30 69 21 58 98 49 25 65 32 16 6 54 64 1 83 68 28 88 8 75 36 45 50 95 27 93 92 44 89 10 51 62 63 7 86 42 80 94 15 31 24 37 9 77 22 43 55 14 81 91 100 71 18 39 52 57 4 90 17 20 84 72 29 53 67 73 41 3 59 61 5 82 48 11 96 97 85 87 78 70 26 76 79 40 46 
11 40 22 63 77 60 93 33 20 78 100 66 50 10 19 64 87 74 76 72 86 43 28 59 89 1 84 92 80 7 24 4 58 91 82 98 23 73 48 30 21 51 14 17 54 13 52 2 16 38 8 45 90 61 70 35 99 27 9 6 79 55 31 25 95 65 62 39 94 34 69 29 36 96 46 15 47 83 41 57 88 49 42 18 32 75 71 12 26 68 81 97 3 53 5 56 67 85 44 37 
83 49 52 53 100 51 61 66 13 38 76 80 37 9 63 27 81 24 25 35 10 41 46 59 17 21 79 14 16 12 73 6 86 19 67 50 74 8 36 85 20 44 94 64 89 92 72 47 82 68 42 97 15 23 98 43 3 34 29 70 93 39 18 77 56 90 71 11 60 84 65 45 30 91 5 7 1 32 55 75 99 26 69 4 22 31 87 95 28 78 88 2 33 62 58 40 54 96 57 48 
61 35 10 7 48 81 89 29 4 40 64 26 54 62 56 27 76 25 78 34 73 18 14 21 53 43 77 49 94 38 75 17 39 86 12 45 57 59 65 13 72 69 92 22 97 58 52 90 50 83 100 15 70 85 99 31 44 60 91 8 71 46 32 3 82 67 16 28 20 66 5 95 47 63 30 9 1 98 74 33 79 2 41 42 55 19 87 84 51 68 93 80 88 37 6 36 23 11 96 24 
22 47 31 80 4 40 91 24 95 55 98 71 73 53 48 33 59 96 84 36 41 70 61 68 86 51 27 13 25 29 44 78 99 87 52 32 7 100 74 16 12 82 38 92 37 64 57 23 17 30 69 14 21 46 79 58 54 8 34 28 5 2 39 94 85 9 60 97 63 19 77 18 3 6 49 65 35 89 67 76 50 11 10 20 81 15 43 72 90 42 56 75 66 83 26 45 93 62 88 1 
28 50 79 58 39 44 12 66 93 15 91 54 11 94 19 63 100 21 23 48 34 53 90 3 22 61 2 83 31 77 82 4 24 8 87 1 10 55 38 41 36 52 47 73 49 17 78 74 71 75 16 51 43 64 30 9 68 20 42 76 92 13 56 33 69 37 45 35 98 67 25 46 26 96 59 40 60 57 6 27 85 88 80 18 72 84 89 99 97 5 70 7 32 14 65 95 86 81 29 62 
14 3 81 96 61 60 87 91 57 72 15 62 35 39 99 43 18 47 21 27 23 53 55 41 93 86 32 45 28 73 58 95 71 10 75 24 12 31 74 20 56 9 82 79 77 65 30 25 4 66 85 83 84 50 11 51 38 78 46 5 29 1 70 16 17 76 52 13 19 90 49 98 67 92 48 94 59 44 2 54 37 64 33 36 26 88 6 100 97 68 63 7 42 89 22 80 34 69 8 40 
17 8 28 26 5 70 10 75 88 97 11 48 6 32 71 42 90 9 63 84 82 58 67 18 78 59 69 100 40 56 1 73 80 93 36 86 96 92 57 54 76 41 85 99 77 87 50 98 52 53 55 25 14 15 49 83 60 13 62 35 19 21 61 94 39 24 2 74 47 4 64 51 91 38 79 31 95 43 68 20 37 45 46 65 16 27 34 81 72 44 7 23 89 66 29 22 30 12 3 33 
57 68 25 47 93 88 33 35 5 32 13 81 99 67 63 20 91 27 65 77 86 37 30 50 72 16 39 4 36 64 26 12 46 28 18 52 7 84 2 44 97 69 96 75 42 24 17 9 14 11 78 55 85 76 1 56 59 41 94 70 43 22 74 58 95 87 79 31 82 38 100 48 73 40 80 19 29 3 54 98 61 90 66 62 21 49 8 89 34 10 83 71 45 53 23 6 51 92 15 60 
32 14 96 33 29 21 11 65 78 79 40 68 45 66 41 12 71 57 18 53 25 38 82 90 56 3 84 55 6 92 27 70 47 30 58 10 1 98 83 61 20 86 73 28 5 39 72 89 34 43 17 77 80 88 99 9 94 93 35 60 22 62 87 63 95 36 85 81 15 19 50 91 49 8 54 48 13 100 69 24 2 23 52 26 4 46 64 7 74 59 76 31 44 75 42 97 37 51 16 67 
6 14 79 25 69 33 61 17 66 52 56 11 81 35 97 76 19 62 94 47 63 65 4 39 45 78 8 20 99 72 32 58 38 57 40 3 100 10 24 30 73 93 13 92 95 12 44 85 29 46 34 75 28 7 74 82 37 41 83 54 70 86 90 42 27 88 71 1 23 53 67 80 22 43 5 55 15 31 89 96 50 36 60 21 64 84 68 18 16 9 48 51 59 2 87 91 98 49 26 77 
86 53 94 51 18 21 84 5 58 96 3 98 13 45 68 19 17 35 28 10 41 76 2 85 87 57 30 75 56 74 6 25 43 60 15 73 54 16 22 11 52 55 34 97 62 33 69 88 48 91 100 49 44 40 8 72 9 65 67 7 20 23 1 99 83 80 63 71 27 29 50 66 37 90 92 4 32 42 59 93 46 12 24 47 70 26 77 79 61 95 81 14 78 64 39 31 36 82 38 89 
43 21 57 70 56 48 46 97 74 51 89 23 54 76 9 53 94 79 35 98 40 47 19 93 88 3 7 86 84 8 82 29 83 100 14 64 22 11 6 85 68 39 27 69 33 24 63 58 13 49 15 41 80 28 1 66 45 2 25 62 17 5 67 60 61 20 77 36 81 50 10 91 42 87 65 16 90 59 92 12 96 32 44 95 78 38 37 71 34 55 30 72 99 18 4 73 26 52 31 75 
87 73 89 29 25 14 94 62 48 33 22 15 69 76 88 59 36 8 30 82 23 12 84 78 7 11 72 98 27 28 70 71 26 43 83 96 10 58 44 67 17 93 1 54 21 64 6 9 31 100 41 53 97 63 51 52 81 80 90 42 46 55 60 99 79 16 92 57 47 50 75 20 49 39 34 68 66 13 5 19 38 65 37 4 40 85 32 77 35 2 95 3 24 86 91 61 18 56 45 74 
57 46 39 66 34 27 96 68 33 62 70 35 85 14 71 1 18 10 26 4 19 11 17 38 100 32 37 13 9 59 82 21 80 48 12 52 29 60 28 16 83 74 25 79 3 53 63 24 31 22 99 64 58 73 65 15 72 76 45 6 61 93 7 98 90 54 49 67 86 75 84 51 91 44 87 78 2 43 97 41 69 56 20 77 95 88 50 30 42 8 36 23 40 89 94 47 55 92 5 81 
84 65 26 90 23 78 7 36 17 42 38 2 1 46 29 5 13 58 19 21 27 62 4 30 93 49 53 43 28 25 87 85 86 52 99 89 66 20 8 79 60 57 12 37 50 67 82 22 69 33 98 100 15 56 76 14 88 70 95 91 47 31 41 51 92 44 11 45 81 9 24 35 16 40 3 34 32 77 18 73 75 48 39 68 97 61 96 10 59 55 74 71 63 6 64 72 83 54 94 80 
11 40 81 5 94 46 84 93 91 77 88 44 19 27 72 58 47 8 26 53 28 63 49 79 25 32 7 23 64 10 48 70 62 51 100 71 41 66 87 45 30 31 52 33 35 55 73 42 36 61 54 65 75 3 17 21 97 57 20 76 86 15 92 80 38 69 43 90 56 96 82 50 85 95 14 13 9 78 1 59 24 22 37 67 16 34 68 12 98 29 39 6 83 2 99 60 4 18 89 74 
27 79 10 20 97 70 21 68 52 44 49 18 82 17 67 38 9 94 40 51 6 7 14 99 83 100 71 88 73 43 80 3 33 60 41 77 84 85 46 93 29 78 16 19 57 59 48 13 47 31 75 76 62 50 45 53 8 61 34 55 89 64 90 69 81 24 32 56 72 42 65 96 2 22 23 87 58 37 63 4 5 36 66 15 30 26 95 28 1 86 12 54 91 98 39 92 74 25 35 11 
92 22 71 73 4 89 24 10 28 62 7 46 60 80 32 43 82 12 53 29 30 57 90 97 11 87 45 88 54 15 51 99 81 77 3 41 63 50 78 86 70 18 94 56 2 44 36 76 93 47 21 64 74 48 9 69 100 38 84 19 85 14 31 67 96 98 59 35 39 65 25 5 16 37 23 66 95 1 17 55 20 6 75 83 61 13 34 49 27 40 58 52 42 91 33 8 68 79 72 26 
87 80 62 91 10 97 52 85 94 93 26 95 71 68 57 42 78 59 81 37 67 11 8 53 55 20 96 72 46 3 50 65 76 32 39 33 29 23 61 48 69 25 98 60 75 73 15 77 7 28 100 21 49 12 19 56 27 45 47 17 36 86 1 35 64 2 92 31 74 89 54 66 90 38 82 41 18 88 83 16 40 63 6 43 13 79 30 4 84 5 44 14 9 22 34 70 58 51 24 99 
61 94 11 16 98 37 92 21 33 74 50 12 82 72 19 5 3 55 22 52 30 38 20 9 1 95 58 28 100 59 40 53 90 51 99 56 39 64 70 81 29 96 48 14 79 13 65 6 4 77 83 46 17 54 66 76 75 24 97 36 86 45 27 31 63 42 84 41 89 44 62 23 85 18 26 87 15 2 34 35 69 8 47 57 43 71 93 73 49 80 25 68 60 7 32 88 78 67 10 91 
30 7 90 92 16 64 44 54 52 68 19 8 18 29 67 50 56 23 2 46 80 100 17 74 97 82 87 1 14 39 66 79 24 57 15 33 42 26 94 73 40 53 89 9 28 70 5 25 41 55 75 88 59 27 13 65 51 83 85 43 81 3 71 10 84 76 86 93 31 36 63 95 48 37 61 45 99 47 60 32 35 12 96 49 34 69 62 6 38 78 98 91 20 21 72 4 77 58 11 22 
14 4 35 77 73 79 33 44 9 56 61 67 96 87 51 95 26 39 10 64 7 90 22 11 46 21 82 12 27 58 84 8 18 48 28 45 74 100 93 71 34 38 17 2 98 83 99 62 50 1 49 68 81 69 75 37 92 66 55 36 3 59 57 88 60 97 89 86 85 41 23 25 24 16 76 53 40 91 5 72 43 65 29 13 32 30 52 19 70 94 80 47 15 6 31 54 20 63 78 42 
65 57 89 79 31 42 40 15 95 2 69 37 60 41 13 90 86 82 70 55 98 21 39 67 19 83 88 46 53 97 59 74 43 84 77 25 14 99 49 66 10 16 58 22 26 54 7 48 47 50 91 20 9 96 28 87 35 1 100 36 92 18 51 33 5 68 81 6 44 32 4 29 73 3 75 76 8 78 80 72 17 12 56 34 11 45 27 30 85 24 93 61 94 52 62 23 71 63 64 38 
9 90 56 36 53 3 41 76 31 83 16 42 70 7 59 10 89 87 71 6 8 67 38 12 91 23 94 55 2 69 49 80 4 27 34 17 39 21 78 100 46 28 14 20 5 77 63 22 97 72 95 79 47 15 40 13 68 19 86 58 44 30 45 24 65 43 88 85 1 62 73 84 50 18 35 64 93 96 51 37 25 57 54 11 60 52 26 98 61 99 29 75 82 92 32 48 33 74 66 81 
81 69 88 60 31 62 35 28 59 32 89 37 85 70 21 5 93 91 78 66 99 58 98 90 18 13 57 7 100 48 23 24 30 80 53 86 65 63 94 26 29 61 92 82 12 84 87 11 46 49 55 6 83 19 97 77 10 14 43 95 56 34 79 40 42 75 54 15 47 36 27 8 38 22 3 67 20 64 2 96 76 4 33 44 52 72 17 9 68 74 73 71 25 45 39 1 51 41 50 16 
8 89 29 4 64 88 35 23 84 90 95 69 40 66 97 52 43 92 1 10 96 45 32 72 82 47 46 65 74 5 16 86 78 13 50 51 24 34 26 6 99 61 68 11 76 53 39 62 85 37 30 73 71 93 33 59 42 20 77 38 94 22 75 21 57 44 12 100 31 60 67 19 98 54 55 18 56 91 83 41 7 79 25 14 3 87 80 81 70 48 36 49 27 28 63 17 9 58 15 2 
4 30 99 15 86 9 17 3 51 49 26 52 32 59 68 55 67 1 13 11 29 6 96 75 71 78 74 38 37 87 80 79 89 100 88 69 93 66 91 7 31 94 84 65 44 23 12 82 64 40 76 27 92 2 43 70 60 42 14 95 36 98 73 57 18 85 97 54 63 19 35 45 56 34 72 58 77 62 50 41 39 48 10 61 46 16 33 47 25 90 28 83 53 22 8 81 21 20 24 5 
42 75 70 72 55 9 33 74 19 80 71 31 65 7 90 60 27 82 57 2 58 62 98 18 54 56 66 5 14 13 15 52 88 11 73 85 29 77 10 78 94 89 40 16 36 25 24 32 39 97 53 81 68 43 96 21 79 92 69 20 67 63 1 4 99 83 44 48 86 8 76 91 28 84 26 37 22 64 23 95 17 35 59 50 49 51 46 34 47 6 87 45 38 61 100 41 30 93 12 3 
50 65 83 34 20 57 8 90 5 76 92 46 32 94 18 26 95 72 3 69 55 23 30 44 28 56 17 11 66 24 86 73 71 97 53 7 38 79 25 75 9 47 68 10 70 89 4 42 13 51 67 35 63 91 45 54 37 52 64 93 80 29 22 48 14 81 36 19 12 100 74 59 31 87 1 58 84 77 6 39 85 88 96 61 15 43 49 21 99 40 2 41 27 16 98 33 60 62 82 78 
50 77 73 59 25 36 83 34 30 64 51 38 12 15 40 97 54 19 67 4 6 9 84 26 28 98 82 53 87 29 74 80 66 45 81 7 56 48 14 35 75 91 43 44 47 52 79 23 41 86 58 18 16 95 89 68 3 27 70 92 55 11 42 76 72 37 61 85 93 13 22 21 46 17 32 20 24 49 8 96 2 78 99 39 62 71 10 94 1 33 69 5 65 31 88 100 60 63 90 57 
8 95 72 96 93 42 38 47 99 18 62 50 75 48 69 91 53 24 66 55 1 54 78 77 28 89 73 67 51 58 22 9 35 7 32 40 87 23 56 64 43 90 45 15 63 52 59 20 76 44 33 6 61 49 71 79 17 70 94 13 85 10 37 26 30 81 14 39 5 4 80 19 46 2 60 98 86 57 11 16 88 21 83 92 100 68 65 41 34 31 36 27 84 97 3 25 82 12 74 29 
100 59 61 84 55 58 22 38 5 56 15 34 1 79 10 7 32 88 30 73 64 18 89 53 20 49 42 95 2 40 52 85 21 62 67 74 57 36 27 13 94 8 80 6 17 77 92 86 60 87 99 69 33 4 41 82 90 23 51 70 12 83 45 35 9 47 39 75 46 3 78 91 66 50 25 72 19 26 31 44 96 71 48 54 93 81 14 29 97 98 16 28 11 37 68 43 65 24 63 76 
82 53 62 54 42 4 92 49 16 63 83 89 23 7 37 78 38 33 2 94 36 95 26 64 18 88 76 51 73 13 56 93 90 86 52 50 55 67 28 87 31 27 79 40 22 71 70 81 9 69 97 45 5 59 72 60 8 57 32 39 65 34 100 11 98 99 3 68 58 85 6 75 10 12 77 43 25 21 24 17 20 29 61 19 35 84 46 47 80 74 14 41 1 30 66 44 15 96 91 48 
83 15 14 91 3 57 30 92 20 31 51 86 32 67 65 17 89 42 21 40 2 84 50 68 79 59 10 38 80 85 7 37 25 46 9 81 19 100 54 98 52 71 60 12 82 55 33 78 23 93 56 6 75 96 53 94 43 44 99 29 63 69 41 45 61 1 74 27 64 87 5 28 70 49 18 58 88 22 47 8 26 72 66 24 39 34 11 4 77 35 90 36 62 48 95 16 73 97 76 13 
13 69 44 72 21 9 67 5 86 96 90 14 51 37 20 15 65 57 74 58 41 6 28 63 87 24 100 64 60 43 55 22 92 49 77 45 79 59 39 68 71 56 98 47 46 35 54 95 84 52 2 11 12 40 93 97 3 88 25 19 23 85 4 33 81 17 70 32 18 75 36 61 89 53 83 8 31 91 1 34 76 42 66 78 38 10 7 29 73 62 94 26 80 99 27 48 30 82 50 16 
31 60 94 38 69 2 4 39 45 6 14 81 30 52 33 17 79 64 95 34 98 8 21 12 73 63 22 20 68 40 77 57 84 51 48 37 76 5 32 43 42 27 58 3 28 7 96 49 13 80 54 47 35 1 10 62 29 44 18 88 87 19 65 46 56 74 92 75 99 55 91 53 78 93 67 25 36 71 59 97 26 83 85 15 9 86 70 90 16 41 23 82 61 100 72 89 66 11 24 50 
11 62 31 32 75 76 73 38 99 1 49 19 48 74 30 7 52 21 36 82 100 35 72 20 61 66 98 96 67 29 63 55 28 23 50 80 34 81 25 77 15 27 47 83 71 87 91 14 68 26 41 16 5 94 90 44 51 4 93 95 56 59 40 58 8 39 78 6 92 37 10 85 57 45 3 54 2 33 24 97 53 65 70 86 42 89 13 88 18 84 17 12 43 64 9 46 79 60 22 69 
85 47 77 42 78 50 79 56 37 82 38 8 100 10 94 62 22 16 87 46 81 74 53 2 98 65 71 73 55 28 76 54 48 84 92 41 19 93 21 59 26 96 89 30 17 45 3 40 58 14 57 25 6 64 63 97 88 9 7 34 44 31 72 4 12 68 27 29 23 39 49 18 70 69 67 66 1 32 35 86 52 61 11 51 75 60 83 20 91 24 43 95 5 80 33 15 36 90 99 13 
95 21 15 26 54 55 73 40 68 67 37 38 76 91 35 6 64 92 14 27 13 86 99 93 89 57 20 87 74 61 60 70 50 33 59 51 72 81 24 96 3 28 47 16 45 5 39 32 56 2 42 29 66 65 88 31 78 97 44 98 79 36 77 63 10 30 52 22 62 84 49 41 85 12 25 82 18 53 58 17 80 71 7 94 48 34 19 90 69 75 8 23 43 83 9 100 4 1 11 46 
40 90 42 88 54 71 8 57 17 18 83 6 87 79 53 56 82 21 29 47 25 76 30 16 31 86 44 94 99 32 78 3 52 95 100 74 91 50 75 98 68 45 92 59 36 39 81 22 13 70 15 55 69 33 60 73 97 37 51 96 48 11 20 28 63 85 58 5 34 7 10 64 43 12 26 35 38 84 19 77 14 2 23 80 41 72 67 62 65 61 1 49 27 89 24 9 46 93 4 66 
8 11 55 42 16 13 39 80 34 24 41 83 63 88 28 78 62 25 29 4 49 51 21 1 37 17 64 6 9 35 23 45 7 57 10 26 18 82 31 67 71 53 97 43 99 79 60 47 58 66 91 61 69 20 65 76 96 95 2 94 52 50 93 84 44 90 46 48 38 73 27 70 77 74 98 85 12 3 59 100 87 19 30 68 40 72 33 32 81 15 5 14 54 22 56 75 89 86 92 36 
8 21 9 31 39 22 3 92 80 62 15 55 47 70 81 74 93 77 33 46 6 89 42 68 76 67 19 87 73 13 1 71 58 69 14 100 59 44 90 35 12 79 2 50 88 72 10 65 97 95 84 37 16 34 75 18 86 94 57 36 83 43 78 7 24 60 96 20 99 54 91 51 56 61 82 38 23 52 85 27 28 64 11 25 53 30 4 48 17 66 45 41 29 40 63 98 32 5 49 26 
41 48 16 92 23 72 11 90 2 17 24 71 19 32 47 14 95 79 27 68 61 38 45 73 94 69 62 9 76 58 50 18 80 63 31 25 37 64 15 56 52 42 1 84 36 26 12 43 77 65 67 6 55 99 57 51 46 28 35 53 10 22 88 91 13 97 5 54 34 85 29 83 93 3 74 75 7 70 44 21 33 20 39 82 49 87 4 8 96 60 89 100 78 59 81 30 98 40 66 86 
47 64 86 34 32 63 2 74 95 42 1 85 91 5 83 12 71 33 80 56 14 62 89 11 69 66 37 10 21 23 25 97 58 77 4 8 16 99 20 9 54 96 28 40 36 52 39 17 45 81 26 49 31 94 75 38 55 30 19 61 3 60 59 93 50 53 76 57 43 65 68 22 79 7 13 51 46 44 90 100 82 15 41 48 88 27 98 92 78 73 67 18 70 84 6 35 29 72 24 87 
31 49 7 62 48 95 4 36 82 26 43 67 78 58 68 98 46 51 69 17 100 79 45 20 44 77 57 80 29 35 18 81 5 24 93 33 13 42 25 97 83 94 92 96 8 41 30 27 70 53 15 52 21 14 32 55 74 34 85 23 90 75 11 38 12 9 65 99 54 2 73 66 1 39 6 63 60 91 37 10 76 3 16 22 71 64 72 87 61 84 56 40 88 19 28 59 89 50 47 86 
46 54 41 45 56 21 99 6 13 68 100 11 71 64 31 95 79 1 18 48 83 65 26 33 7 44 51 2 4 87 76 88 20 22 77 85 37 23 25 39 17 82 34 35 55 12 3 80 53 90 30 60 89 57 8 63 52 84 38 81 16 15 78 73 29 86 92 5 61 58 19 66 49 43 50 24 96 70 42 47 72 67 10 32 36 27 97 74 59 9 40 75 93 28 62 98 91 94 69 14 
40 93 30 89 28 60 53 71 99 6 59 29 24 47 21 84 8 73 85 14 19 78 86 34 83 12 61 77 57 17 88 22 97 11 5 81 31 7 46 55 96 64 51 25 63 26 79 70 38 90 3 67 1 32 98 87 44 39 10 4 33 95 41 43 35 50 66 65 52 82 16 27 74 56 45 69 9 36 58 100 75 37 49 20 68 91 92 15 76 54 48 18 72 23 80 94 42 62 2 13 
23 15 82 69 43 32 16 3 85 61 9 99 24 4 41 11 60 10 17 59 53 28 97 36 92 66 72 30 98 100 54 13 52 74 19 90 75 95 14 64 44 58 27 86 40 71 57 35 93 65 67 21 91 84 73 87 5 2 55 79 49 94 31 70 56 83 29 77 63 76 81 22 89 78 39 42 80 1 46 26 50 48 20 7 45 62 25 51 18 88 68 33 12 38 8 37 47 34 6 96 
23 73 74 10 90 88 95 17 18 61 68 48 14 94 34 84 27 75 53 7 22 19 56 9 40 49 2 83 50 41 54 44 97 70 80 60 55 32 15 82 25 35 45 77 33 89 71 4 96 93 30 52 28 65 42 76 46 39 100 47 21 91 3 81 16 64 51 24 99 98 12 72 11 86 78 79 1 59 92 57 5 37 63 36 67 38 6 69 29 20 31 85 87 62 66 13 26 58 43 8 
28 97 58 50 65 11 72 59 85 71 68 21 64 98 79 45 42 93 99 74 33 56 47 25 84 57 60 4 83 87 6 94 37 69 73 32 90 95 92 34 53 12 77 3 29 27 20 51 16 26 19 66 49 36 67 88 41 10 1 15 70 2 30 80 24 91 96 46 61 13 55 8 18 63 100 17 40 22 48 81 9 39 7 89 14 62 38 31 78 43 35 44 76 54 23 75 82 5 86 52 
55 56 30 41 33 2 16 68 1 25 38 7 59 18 78 47 92 98 95 70 99 74 24 40 42 77 8 69 81 20 91 80 32 34 71 45 5 36 9 88 4 39 94 75 21 6 97 35 50 10 58 72 52 44 11 48 54 90 12 100 64 31 84 60 89 62 73 19 29 86 15 53 28 57 43 67 23 51 37 49 46 65 83 85 66 26 76 14 3 22 82 87 93 17 13 96 63 27 61 79 
21 48 9 7 85 81 37 17 62 46 84 99 57 93 18 64 24 23 53 16 68 42 98 27 50 43 92 87 47 52 14 45 56 49 59 32 8 71 61 79 34 73 60 36 41 96 30 1 76 91 65 26 69 20 13 74 67 4 77 82 58 94 29 90 66 39 70 83 97 22 12 88 44 35 28 11 25 80 86 75 3 54 55 95 5 15 6 100 2 40 33 38 72 31 78 63 10 19 51 89 
59 46 62 95 20 21 52 100 6 70 32 24 81 88 75 89 3 11 38 22 76 51 82 43 96 97 48 69 15 65 28 79 72 99 68 86 29 10 33 1 67 23 53 90 5 92 63 83 64 77 73 26 12 35 36 13 31 41 71 34 18 42 54 56 94 50 66 58 98 19 84 80 25 57 87 49 37 9 60 30 8 16 74 27 4 14 2 40 17 78 39 7 45 55 47 91 85 44 61 93 
10 46 73 90 11 99 3 6 25 15 8 96 70 51 4 37 94 66 79 2 77 78 68 41 98 47 23 16 91 22 50 89 18 83 60 64 31 20 49 29 39 63 35 40 82 27 1 58 97 52 19 7 67 54 28 84 5 88 42 26 61 93 53 72 81 85 69 45 86 65 75 59 33 14 24 87 13 74 21 32 34 36 55 43 44 48 17 71 38 92 9 62 57 100 76 30 12 80 95 56 
6 36 39 85 57 94 88 7 20 61 41 31 34 60 63 10 64 74 32 71 49 95 22 82 33 45 13 12 21 17 47 73 66 87 62 16 80 42 50 77 25 97 2 35 28 83 38 91 44 55 69 70 92 14 84 59 78 4 43 93 11 26 37 30 90 48 56 19 1 27 86 23 100 3 58 51 72 53 98 9 76 18 75 15 8 79 81 65 68 40 89 29 54 5 46 99 24 96 52 67 
47 77 9 11 86 13 92 99 80 73 4 96 7 36 60 87 68 72 67 15 1 24 49 45 51 43 70 78 57 69 91 63 35 28 44 100 54 71 34 37 39 65 82 8 98 26 12 3 75 20 40 14 29 95 42 93 17 10 53 56 85 76 89 97 41 23 61 25 21 90 27 19 16 30 64 81 46 48 52 55 62 5 38 2 94 84 59 58 33 50 31 6 74 18 83 88 79 32 22 66 
51 46 24 64 34 5 19 37 42 94 36 86 11 30 59 20 17 9 8 63 87 80 76 32 15 22 72 58 60 85 95 54 12 40 98 49 33 35 61 56 26 62 1 97 16 88 21 81 70 78 25 10 77 38 45 71 41 82 52 28 84 23 79 83 57 53 4 18 90 3 66 74 47 31 68 14 55 99 43 69 27 75 13 93 92 89 48 6 73 44 7 39 2 91 29 96 50 65 100 67 
35 55 6 16 27 93 96 78 63 4 71 52 18 61 26 14 24 9 65 31 82 85 74 36 94 44 80 43 64 50 83 72 22 10 91 84 38 75 32 66 29 88 67 86 33 19 49 95 25 5 13 58 81 89 41 73 62 68 39 2 70 77 23 59 54 34 56 7 99 3 60 8 92 53 98 51 15 30 76 69 21 11 17 90 79 40 46 47 37 12 20 28 1 100 45 87 48 42 97 57 
44 23 47 34 36 77 73 55 91 85 15 35 58 49 48 25 4 14 76 90 8 7 20 65 100 41 1 87 9 32 33 71 98 80 46 5 96 72 97 52 62 16 27 21 60 26 63 30 79 59 53 82 28 99 12 86 42 66 95 70 56 74 61 17 10 43 94 51 39 40 19 89 50 3 57 54 31 81 18 75 45 2 67 68 78 24 38 88 11 69 64 22 37 92 83 29 13 6 84 93 
38 15 87 47 66 30 96 59 61 53 57 46 83 18 43 60 34 11 88 20 100 28 41 2 24 71 85 36 69 39 8 77 75 82 25 63 68 45 35 40 52 14 92 26 99 22 65 4 95 29 9 90 48 13 76 84 70 42 56 78 91 94 5 16 37 89 33 50 44 58 32 7 3 80 31 6 10 97 1 81 62 67 17 49 55 79 12 74 86 54 21 73 98 93 23 27 64 51 19 72 
15 6 80 77 3 16 27 12 54 63 70 38 62 71 25 66 87 5 7 90 20 68 8 48 52 28 94 98 79 26 81 51 78 96 85 21 49 69 30 18 40 76 58 10 67 13 36 56 50 95 65 42 11 53 14 82 41 24 39 33 34 1 60 2 92 61 17 86 84 32 35 97 29 9 83 88 93 91 64 72 73 99 45 19 55 23 22 46 100 47 89 59 75 57 44 4 37 31 74 43 
7 87 41 84 6 44 38 86 49 73 54 11 40 21 1 55 93 3 64 39 43 51 26 70 47 4 35 12 68 67 37 22 81 82 19 80 74 25 15 24 59 97 75 14 23 42 96 27 66 69 32 52 71 31 63 30 77 61 48 9 58 60 17 100 83 36 10 46 65 16 90 72 95 8 85 92 34 20 98 88 29 45 13 33 94 62 76 57 5 53 89 78 50 91 2 79 56 99 28 18 
75 62 94 78 99 39 27 42 68 28 81 18 45 3 57 56 22 21 1 36 73 17 38 72 58 60 77 41 9 95 23 34 37 96 88 98 74 83 48 7 6 92 59 79 52 43 63 76 90 8 12 24 64 5 91 61 54 40 70 93 69 20 15 25 29 19 85 86 65 53 16 4 89 32 35 13 46 11 51 26 2 49 50 80 97 10 87 55 33 31 82 30 66 67 100 84 71 44 47 14 
21 27 83 1 97 2 78 39 8 32 26 22 53 49 19 56 15 7 31 76 88 10 34 50 6 98 9 93 63 64 89 66 62 46 33 60 73 44 17 47 36 70 55 12 20 13 71 28 58 35 24 91 80 29 5 79 82 25 65 90 100 11 84 43 52 81 30 54 3 87 38 59 14 48 41 77 74 94 99 85 92 67 68 16 95 86 45 4 72 75 40 18 23 57 42 37 51 96 69 61 
58 32 62 12 42 9 2 48 16 74 11 64 72 84 98 24 35 63 92 3 51 14 99 73 59 22 41 25 97 40 68 37 70 79 36 100 30 66 96 38 23 47 75 7 54 13 81 76 39 90 83 86 28 10 1 80 34 71 46 91 4 56 49 31 89 93 52 33 82 6 77 61 17 15 45 78 95 53 20 88 50 19 65 57 8 85 43 55 69 60 44 27 18 5 67 26 87 94 21 29 
35 17 93 22 72 55 16 88 90 63 48 82 18 66 65 14 47 51 75 28 40 6 44 3 26 1 5 96 19 24 98 76 15 91 33 49 62 67 11 8 32 97 84 37 92 68 70 43 34 20 61 31 54 83 23 46 38 36 58 80 39 60 52 25 69 42 89 86 4 9 7 78 53 77 10 12 41 87 64 13 99 95 21 57 56 2 100 73 30 85 81 71 45 74 79 94 50 27 59 29 
81 31 15 23 88 71 54 91 67 1 94 8 22 16 78 87 55 84 85 7 69 70 100 35 39 48 20 75 57 28 40 14 12 17 43 24 18 3 60 21 74 53 2 62 10 33 9 72 66 83 41 46 36 13 59 34 4 86 63 6 95 50 49 51 25 47 97 27 99 89 96 29 11 44 32 61 76 56 38 80 92 73 93 82 64 37 65 68 19 45 98 52 30 5 77 26 79 90 42 58 
11 99 54 67 39 68 19 84 20 53 50 36 56 64 24 6 46 58 3 26 40 73 97 7 18 5 75 12 43 69 35 78 63 100 10 48 15 76 31 98 1 13 8 92 41 96 4 74 38 82 94 59 29 77 85 79 34 27 14 45 72 52 49 47 88 86 23 22 42 83 89 70 30 65 28 51 9 2 55 81 66 44 21 32 61 87 57 25 90 33 37 62 93 16 17 95 91 71 80 60 
44 57 89 38 22 29 80 69 97 51 98 94 64 34 99 24 39 71 92 90 31 73 2 18 66 21 65 47 100 45 83 48 42 33 37 55 68 59 13 6 32 19 79 1 60 9 46 61 35 41 20 8 93 62 7 10 77 3 75 95 36 26 50 63 5 58 15 11 76 23 78 91 87 28 86 14 88 85 56 43 96 84 74 16 30 53 25 27 54 12 49 67 82 4 81 40 52 17 72 70 
11 18 69 85 71 82 45 20 66 62 94 46 72 9 68 31 23 4 22 51 47 37 77 55 65 12 73 76 1 63 87 70 93 32 2 13 58 54 78 28 36 57 39 38 50 19 59 17 95 16 40 7 61 15 79 26 43 10 35 100 53 33 92 60 81 25 27 49 30 74 44 14 88 64 83 8 75 34 99 21 42 48 84 89 56 29 52 90 24 67 86 91 5 6 80 3 98 41 96 97 
67 38 12 46 70 25 43 96 100 32 51 69 21 80 23 50 2 55 5 98 13 47 82 37 91 1 93 14 16 24 87 77 34 31 10 60 73 81 84 66 94 68 71 7 39 17 58 35 75 56 92 49 74 64 79 15 95 53 54 90 33 29 78 41 89 83 52 76 88 6 86 19 57 42 97 99 8 26 28 20 85 9 61 48 59 30 45 27 44 63 4 11 3 72 40 36 18 65 62 22 
76 53 98 91 61 10 92 4 69 30 57 73 82 95 22 38 58 25 5 48 88 94 37 59 20 78 50 71 52 62 74 1 9 44 84 18 47 46 49 68 6 60 23 12 7 17 32 96 19 75 54 3 24 16 64 36 11 86 65 39 55 14 80 89 66 77 13 67 72 81 42 28 90 15 34 63 31 56 27 21 51 8 29 26 41 33 2 40 45 70 83 43 100 79 93 87 97 99 85 35 
42 89 41 53 84 29 94 50 99 92 98 5 64 65 55 6 9 81 25 11 71 33 75 93 86 26 28 14 76 36 77 61 20 32 69 31 17 10 67 22 82 60 24 97 34 56 35 100 90 40 59 63 8 16 83 78 15 27 7 87 3 57 18 85 73 2 74 38 88 95 72 70 43 23 54 1 19 37 66 39 49 52 45 91 79 62 12 4 47 58 13 48 51 21 96 46 80 44 68 30 
83 19 31 47 99 69 61 5 27 7 78 25 24 20 59 87 21 73 52 76 32 48 6 92 53 89 70 1 3 65 46 57 36 96 63 39 79 67 38 68 91 74 11 94 56 16 86 50 64 42 29 55 13 43 28 37 15 100 72 22 4 30 62 10 44 26 85 34 35 77 33 90 14 58 82 18 49 84 54 60 80 23 75 97 45 17 8 88 41 98 40 71 66 12 81 9 95 2 93 51 
3 95 56 62 17 4 86 10 47 65 36 72 48 73 18 94 77 14 70 66 68 23 57 76 28 67 8 30 27 32 5 13 89 42 71 40 98 51 34 35 50 6 96 7 52 60 21 100 15 44 78 16 9 19 81 53 61 12 43 92 58 46 49 54 80 97 41 82 29 88 2 85 55 87 64 93 1 90 20 63 11 24 25 22 91 75 26 99 59 45 39 84 31 79 37 69 33 83 74 38 
79 61 36 7 64 71 26 27 17 25 96 22 14 6 91 99 47 69 92 11 97 23 94 98 49 56 37 18 87 80 86 63 51 90 81 44 31 70 9 2 82 72 55 12 84 57 65 67 30 66 74 3 95 33 40 29 85 48 78 46 15 1 5 58 16 10 34 93 41 60 13 8 100 83 21 35 77 75 76 52 89 59 50 53 73 20 43 24 54 19 62 45 68 88 42 32 39 4 38 28 
12 93 55 22 78 67 87 97 40 61 99 2 18 14 3 77 5 59 65 31 79 95 75 32 26 41 28 68 42 54 7 89 84 49 46 39 73 6 71 30 8 57 25 90 43 80 91 85 16 37 76 96 13 50 92 100 1 66 72 94 53 88 20 69 44 86 24 35 74 4 81 9 48 33 45 34 64 38 17 51 98 36 19 27 21 60 58 63 23 47 83 29 10 62 82 70 52 15 11 56 
27 21 71 65 14 31 74 59 5 26 100 46 41 42 93 73 30 50 1 18 56 75 86 6 17 38 3 94 77 85 8 64 28 19 57 16 52 47 61 54 68 62 4 35 92 7 87 90 72 36 69 63 12 24 37 70 43 20 80 76 2 81 34 96 9 15 49 89 13 48 25 11 91 97 66 51 67 99 78 95 29 10 83 79 55 60 82 88 98 40 53 44 32 58 33 45 84 39 23 22 
37 15 61 85 5 88 22 56 17 64 94 3 47 45 67 29 72 41 80 25 27 8 36 81 98 86 97 52 66 84 73 18 10 54 42 33 63 65 11 21 44 16 100 51 24 71 12 43 99 62 32 76 74 92 49 46 83 7 13 79 4 35 59 87 14 89 28 75 39 40 30 34 70 9 93 31 91 90 26 96 2 53 69 23 58 82 68 78 19 50 55 20 77 6 48 1 38 60 95 57 
76 59 20 57 67 10 52 34 16 13 82 8 92 81 54 7 85 88 44 35 37 78 53 6 65 58 18 68 74 75 1 24 42 77 38 63 25 84 15 95 43 33 11 14 48 97 45 28 60 87 66 3 30 99 98 27 41 96 17 55 72 19 46 56 50 4 64 32 71 100 29 91 61 79 40 36 86 9 21 12 39 49 22 93 69 90 80 62 5 2 73 47 51 83 26 23 94 89 70 31 
14 15 5 76 19 63 49 79 97 16 7 51 83 72 25 74 85 24 46 1 41 61 67 94 13 8 75 30 86 40 66 26 55 21 60 22 45 47 38 18 50 91 71 17 64 29 88 57 43 98 23 54 6 82 35 33 90 36 56 12 42 77 20 69 58 89 78 59 4 31 28 93 34 48 9 73 80 27 44 68 70 32 100 53 10 84 87 99 92 96 2 3 52 39 37 62 81 95 11 65 
15 75 48 87 27 3 21 71 29 43 42 1 98 25 100 90 56 26 46 14 52 30 47 53 32 82 37 59 13 23 10 93 74 57 54 68 85 95 78 40 36 4 11 5 96 97 22 51 88 77 81 31 86 38 99 16 58 8 55 79 89 67 7 17 33 72 69 35 50 60 49 24 39 65 80 91 62 70 66 94 45 28 73 18 63 41 19 61 84 92 20 34 64 2 9 44 83 12 6 76 
40 52 83 19 12 35 66 99 95 71 43 32 92 64 68 8 9 65 42 6 10 76 54 70 1 91 88 81 33 80 17 3 51 84 41 78 82 59 4 22 29 11 39 86 58 72 93 26 69 47 5 73 75 38 97 15 98 28 16 48 74 62 37 67 30 36 2 23 50 21 94 89 13 49 90 45 14 44 96 56 57 87 85 20 18 63 46 77 34 24 31 61 53 55 100 60 79 7 27 25 
69 22 48 24 98 42 15 85 59 23 90 21 53 75 83 87 95 40 13 34 99 57 80 51 3 89 6 7 74 27 79 76 8 86 56 30 94 43 19 67 1 84 9 41 60 66 100 88 45 32 36 97 10 33 61 54 93 38 5 52 77 16 72 29 91 14 2 62 49 20 63 92 17 31 65 12 81 35 70 47 11 44 50 55 78 71 18 58 25 46 39 28 73 82 37 26 4 68 64 96 
86 8 27 37 79 100 55 80 89 85 77 6 23 68 1 21 73 17 67 74 36 28 43 26 35 14 52 84 13 97 15 7 98 72 51 5 33 20 46 59 58 82 54 93 16 29 22 45 75 25 95 92 90 38 69 18 66 96 19 40 48 60 31 10 57 32 91 49 30 44 70 87 4 11 61 56 12 62 34 76 71 99 50 78 3 83 24 94 64 47 88 81 53 63 2 39 41 65 9 42 
96 21 66 58 31 15 6 52 74 57 41 29 44 67 5 91 73 33 39 51 1 75 80 81 62 56 88 69 2 14 70 13 28 72 17 9 48 79 26 7 59 8 20 100 99 19 89 85 18 93 87 84 68 82 40 22 30 46 35 61 42 25 78 36 47 16 63 11 32 77 53 4 71 43 3 94 34 49 27 98 86 65 50 54 83 12 95 23 37 90 45 10 97 60 24 64 92 38 55 76 
93 64 30 49 40 66 61 48 37 33 67 27 43 55 60 75 12 41 69 31 24 23 29 63 78 88 74 97 15 28 39 59 5 71 80 65 99 79 3 34 18 21 9 44 53 56 100 11 58 32 91 81 85 87 70 62 25 96 54 36 72 50 46 89 94 92 6 42 20 90 35 77 73 86 13 2 8 76 68 83 52 84 38 16 22 98 47 82 4 1 17 57 95 45 7 26 10 14 51 19 
46 55 87 9 37 75 30 78 94 6 18 35 97 11 58 7 49 80 12 20 22 50 89 85 71 42 28 32 52 14 39 8 53 21 69 16 43 61 15 79 66 92 44 57 29 40 63 95 38 73 98 4 67 17 48 59 56 68 25 81 24 77 83 65 90 54 5 47 23 99 91 51 100 45 34 84 76 93 96 19 86 31 3 88 72 64 60 70 82 13 27 1 26 2 33 41 74 62 10 36 
86 36 28 58 87 8 26 27 40 1 89 47 85 67 16 51 19 74 76 25 4 21 29 81 77 31 65 69 82 78 46 100 83 61 50 43 5 66 97 24 57 98 84 35 9 30 93 34 88 95 71 15 10 32 91 20 17 55 90 18 72 14 73 33 56 92 2 7 37 99 54 79 94 68 39 41 52 45 12 38 63 3 53 59 64 49 62 42 23 75 22 80 70 6 11 96 44 48 60 13 
66 43 28 42 77 10 62 50 51 45 27 25 15 94 26 19 18 5 16 4 21 98 57 20 78 38 64 41 44 1 96 8 95 85 7 52 60 92 14 63 36 56 9 39 55 72 91 13 67 17 35 46 87 24 32 93 33 34 79 6 47 29 49 58 12 53 22 90 80 88 23 83 97 37 75 3 65 31 11 74 76 70 40 68 82 81 89 73 99 69 61 48 100 59 86 30 71 2 84 54 
65 70 62 43 15 39 51 2 25 11 50 28 66 73 89 84 22 37 77 69 7 34 31 63 46 64 12 6 82 59 60 61 86 49 16 100 20 3 52 1 80 9 17 93 40 13 41 74 54 19 88 67 44 24 99 29 53 35 21 68 95 98 79 83 48 85 91 18 87 55 71 14 23 72 90 92 33 56 96 32 36 94 81 27 5 78 75 58 26 10 97 30 76 57 47 42 45 8 4 38 
57 36 66 58 61 64 50 15 6 8 92 4 94 96 80 38 44 86 10 65 97 72 32 100 42 35 98 51 16 31 68 39 23 14 84 9 25 69 89 83 62 40 33 26 37 45 7 78 46 67 88 48 29 22 17 53 59 18 28 75 43 12 20 55 47 60 77 91 70 49 24 11 99 93 52 85 73 81 87 5 1 76 95 79 90 63 19 27 71 34 56 41 3 82 74 54 13 21 2 30 
49 89 7 71 35 81 87 14 30 53 12 45 52 92 11 8 43 19 91 72 50 36 40 1 51 78 84 4 69 5 22 95 75 55 86 80 58 6 68 3 98 34 93 79 24 33 100 39 13 2 83 31 41 82 60 74 32 63 73 27 26 64 44 23 29 9 76 21 61 20 85 56 90 38 97 37 17 46 70 66 65 57 77 67 47 62 54 42 25 16 18 10 99 59 88 28 15 96 48 94 
11 97 53 2 47 30 81 57 94 76 37 60 88 80 15 21 6 56 96 89 62 36 29 92 44 4 68 14 82 99 75 63 50 7 95 25 43 91 18 58 5 32 100 73 98 41 59 8 23 34 1 33 27 69 24 93 51 42 28 87 16 66 35 9 71 10 70 90 46 13 40 86 26 54 61 74 83 72 78 38 79 64 49 22 65 31 52 84 45 12 20 39 85 48 19 3 55 77 67 17 
45 56 9 30 82 39 50 88 2 46 27 59 69 90 32 17 74 4 33 42 47 72 11 12 20 5 14 92 31 40 16 36 60 75 83 89 48 76 49 98 8 3 6 41 79 61 100 26 65 94 62 68 34 58 35 43 7 13 21 55 63 53 29 96 86 67 71 80 70 52 91 97 77 87 66 95 81 51 23 57 73 28 78 44 85 37 64 54 1 93 24 22 10 18 99 38 25 19 84 15 
96 100 88 31 34 92 81 50 11 91 39 56 66 65 27 79 21 1 19 18 12 69 3 14 95 24 22 49 33 99 8 15 32 7 17 38 53 25 29 62 89 63 43 76 47 23 20 42 6 85 87 16 48 72 13 2 59 74 97 37 64 5 80 10 77 58 36 45 73 68 52 75 30 26 90 55 35 93 83 44 4 9 61 78 98 94 46 60 86 28 41 70 82 40 54 57 51 71 84 67 
93 22 32 57 45 13 15 84 28 92 83 46 77 34 61 4 25 76 69 29 43 2 24 31 71 80 8 53 55 64 6 96 26 36 51 37 54 20 62 52 40 98 11 41 47 18 78 56 95 19 60 90 74 48 85 27 65 89 30 86 35 72 82 68 1 49 88 14 100 59 81 39 10 87 42 16 33 73 17 12 75 67 94 50 63 66 79 91 3 58 44 9 23 70 38 21 7 5 99 97 
9 13 85 63 65 100 42 87 46 89 58 48 36 98 41 22 14 4 57 55 92 60 64 15 11 76 44 50 75 97 19 27 20 86 88 79 73 96 49 5 52 83 62 67 21 35 90 51 26 28 95 77 6 47 84 93 70 12 78 2 56 91 66 16 1 59 40 45 43 38 37 33 82 39 32 71 18 31 3 23 94 99 61 68 34 54 69 8 7 25 80 53 29 17 10 24 81 72 74 30 
69 65 76 72 24 63 54 50 97 5 73 59 84 28 27 60 58 79 9 21 17 14 48 7 6 37 67 82 30 10 75 80 34 96 41 16 94 29 74 33 85 11 68 39 70 88 90 25 38 100 51 43 81 42 46 18 87 23 91 15 8 86 20 12 53 77 19 1 35 83 99 93 2 61 64 78 55 89 62 98 95 57 49 47 52 22 92 66 26 56 4 13 40 31 36 45 32 71 3 44 
